2	969.94	538.5	1
3	969.94	538.5	1
4	969.94	538.5	1
5	968.79	538.5	1
6	968.79	538.5	1
7	968.79	538.5	1
8	968.79	538.5	1
9	968.79	538.5	1
10	968.79	538.5	1
11	968.22	538.5	1
12	968.22	538.5	1
13	969.94	538.5	1
14	971.08	538.5	1
15	968.79	539.64	1
16	968.79	539.64	1
17	968.79	539.64	1
18	968.79	539.64	1
19	969.94	539.64	1
20	969.94	539.64	1
21	969.94	539.64	1
22	969.94	539.64	1
23	969.94	539.64	1
24	971.65	539.64	1
25	971.65	539.64	1
26	971.65	539.07	1
27	971.65	539.07	1
28	971.65	539.07	1
29	971.65	539.07	1
30	971.65	539.07	1
31	971.65	539.64	1
32	971.65	539.64	1
33	971.65	539.64	1
34	971.65	539.64	1
35	971.65	539.07	1
36	971.65	539.07	1
37	971.65	539.07	1
38	971.65	539.07	1
39	971.65	539.07	1
40	971.65	539.64	1
41	971.65	539.64	1
42	971.65	539.64	1
43	970.51	539.64	1
44	969.94	540.21	1
45	969.94	540.21	1
46	969.94	540.21	1
47	969.94	540.21	1
48	969.94	540.21	1
49	969.94	540.21	1
50	969.94	540.21	1
51	969.94	540.21	1
52	969.94	540.21	1
53	969.94	540.21	1
54	971.08	540.21	1
55	972.23	540.21	1
56	972.23	540.21	1
57	972.23	540.21	1
58	973.94	541.36	1
59	976.8	541.93	1
60	974.51	543.65	1
61	973.94	543.65	1
62	973.94	544.22	1
63	972.8	545.36	1
64	972.23	545.93	1
65	972.23	545.93	1
66	973.37	548.22	1
67	973.37	548.22	1
68	973.94	548.22	1
69	975.66	549.37	1
70	975.66	549.37	1
71	976.8	549.94	1
72	977.95	551.08	1
73	979.09	551.08	1
74	979.09	551.08	1
75	979.09	551.08	1
76	979.09	551.08	1
77	979.09	551.08	1
78	979.09	551.08	1
79	979.09	551.08	1
80	979.66	551.65	1
81	981.95	552.8	1
82	983.1	553.37	1
83	983.1	553.37	1
84	983.1	553.37	1
85	983.1	553.37	1
86	983.1	553.37	1
87	983.1	553.37	1
88	983.1	553.37	1
89	983.1	553.37	1
90	983.67	553.94	1
91	983.67	555.09	1
92	983.67	555.09	1
93	984.81	555.09	1
94	985.38	559.09	1
95	985.38	559.66	1
96	986.53	560.81	1
97	987.67	560.81	1
98	988.82	561.38	1
99	992.82	562.52	1
100	995.11	563.1	1
101	996.82	565.38	1
102	999.11	568.82	1
103	1000.3	568.82	1
104	1000.3	568.82	1
105	1000.8	568.82	1
106	1002	567.67	1
107	999.11	567.67	1
108	999.11	567.67	1
109	999.11	567.67	1
110	1000.8	568.24	1
111	1002	568.82	1
112	1001.4	569.39	1
113	1001.4	569.39	1
114	1001.4	569.39	1
115	999.11	574.54	1
116	999.11	574.54	1
117	999.11	574.54	1
118	1000.8	574.54	1
119	1002	575.11	1
120	1003.1	576.82	1
121	1003.1	576.82	1
122	1003.1	577.97	1
123	1002.5	579.11	1
124	1001.4	579.11	1
125	1001.4	579.11	1
126	1001.4	579.11	1
127	1001.4	579.11	1
128	1001.4	579.11	1
129	1001.4	579.11	1
130	1001.4	579.11	1
131	1004.8	580.26	1
132	1006	580.26	1
133	1005.4	581.97	1
134	1005.4	581.97	1
135	1005.4	581.97	1
136	1005.4	581.97	1
137	1005.4	581.97	1
138	1005.4	582.54	1
139	1005.4	582.54	1
140	1003.7	582.54	1
141	1003.1	583.69	1
142	1007.7	582.54	1
143	1007.7	582.54	1
144	1012.3	583.69	1
145	1012.3	584.26	1
146	1012.3	584.83	1
147	1012.3	584.83	1
148	1012.3	584.83	1
149	1012.3	584.83	1
150	1011.1	589.41	1
151	1011.7	592.27	1
152	1014	593.99	1
153	1014.6	593.99	1
154	1017.4	593.99	1
155	1021.4	594.56	1
156	1023.1	595.7	1
157	1024.3	595.7	1
158	1026	596.27	1
159	1027.7	596.27	1
160	1027.7	596.27	1
161	1027.7	596.27	1
162	1028.9	596.27	1
163	1024.9	597.99	1
164	1024.9	597.99	1
165	1027.1	597.99	1
166	1027.1	599.13	1
167	1027.1	599.13	1
168	1028.9	598.56	1
169	1030	598.56	1
170	1030	598.56	1
171	1034.6	598.56	1
172	1036.9	599.13	1
173	1036.9	599.71	1
174	1035.7	600.28	1
175	1035.7	600.28	1
176	1037.4	601.42	1
177	1039.2	601.99	1
178	1039.7	603.14	1
179	1039.7	603.71	1
180	1039.7	606	1
181	1039.7	606	1
182	1044.9	606	1
183	1045.4	606	1
184	1046.6	606	1
185	1050	606	1
186	1050.6	606	1
187	1052.3	606	1
188	1052.3	606	1
189	1054	606	1
190	1058	607.71	1
191	1058.6	608.86	1
192	1058.6	608.86	1
193	1058.6	608.86	1
194	1058.6	608.86	1
195	1059.7	609.43	1
196	1060.3	610.57	1
197	1060.9	611.15	1
198	1060.9	611.72	1
199	1060.3	612.86	1
200	1060.3	613.43	1
201	1060.3	615.72	1
202	1060.3	616.87	1
203	1060.9	616.87	1
204	1062	616.87	1
205	1062.6	616.87	1
206	1065.5	616.87	1
207	1066.6	617.44	1
208	1067.8	617.44	1
209	1068.3	617.44	1
210	1067.2	618.58	1
211	1066.6	618.58	1
212	1066.6	618.58	1
213	1066.6	618.58	1
214	1071.2	620.87	1
215	1071.2	621.44	1
216	1074	623.16	1
217	1075.2	624.3	1
218	1078.1	628.88	1
219	1078.1	628.88	1
220	1078.1	628.88	1
221	1078.1	628.88	1
222	1082.1	630.6	1
223	1082.1	630.6	1
224	1086.6	634.6	1
225	1087.8	635.74	1
226	1087.8	635.74	1
227	1087.8	636.32	1
228	1087.8	636.32	1
229	1087.8	636.32	1
230	1087.8	636.89	1
231	1088.9	638.03	1
232	1088.9	638.03	1
233	1089.5	640.32	1
234	1091.2	642.61	1
235	1091.2	642.61	1
236	1091.2	643.75	1
237	1091.2	646.04	1
238	1091.2	647.76	1
239	1091.2	650.04	1
240	1091.2	650.04	1
241	1091.2	651.19	1
242	1091.8	651.19	1
243	1093.5	653.48	1
244	1094.6	654.05	1
245	1094.6	654.05	1
246	1094.6	654.05	1
247	1096.9	656.91	1
248	1097.5	658.05	1
249	1098.6	658.05	1
250	1098.6	658.05	1
251	1099.2	660.91	1
252	1100.9	662.63	1
253	1100.9	662.63	1
254	1100.9	662.63	1
255	1100.9	662.63	1
256	1100.9	662.63	1
257	1102.7	664.92	1
258	1102.7	665.49	1
259	1102.7	665.49	1
260	1103.2	666.63	1
261	1103.2	674.64	1
262	1104.4	675.21	1
263	1104.4	676.36	1
264	1104.4	676.36	1
265	1104.4	676.93	1
266	1104.4	676.93	1
267	1103.8	678.07	1
268	1103.8	678.07	1
269	1103.8	678.07	1
270	1103.8	679.22	1
271	1103.8	680.93	1
272	1103.8	680.93	1
273	1103.8	682.65	1
274	1103.8	682.65	1
275	1103.8	683.79	1
276	1103.8	684.94	1
277	1104.4	688.94	1
278	1104.9	690.66	1
279	1106.1	692.38	1
280	1106.1	692.38	1
281	1106.1	692.38	1
282	1106.1	692.38	1
283	1106.1	693.52	1
284	1106.1	695.81	1
285	1106.1	699.24	1
286	1106.1	701.53	1
287	1106.7	703.82	1
288	1106.7	703.82	1
289	1107.8	707.82	1
290	1108.4	710.11	1
291	1108.9	711.25	1
292	1110.1	712.97	1
293	1110.1	712.97	1
294	1111.8	714.68	1
295	1111.8	715.83	1
296	1112.4	717.54	1
297	1112.9	719.26	1
298	1112.9	719.26	1
299	1112.9	719.26	1
300	1112.9	720.4	1
301	1112.9	722.69	1
302	1112.9	723.26	1
303	1112.9	723.26	1
304	1112.9	723.26	1
305	1112.9	723.26	1
306	1112.4	725.55	1
307	1111.2	728.41	1
308	1111.2	730.13	1
309	1111.2	731.27	1
310	1113.5	730.7	1
311	1114.7	730.7	1
312	1111.8	735.28	1
313	1112.4	737.57	1
314	1112.4	737.57	1
315	1112.9	738.71	1
316	1112.9	738.71	1
317	1112.9	739.28	1
318	1112.9	739.28	1
319	1112.9	739.28	1
320	1114.7	742.14	1
321	1115.2	742.71	1
322	1115.2	744.43	1
323	1115.2	746.15	1
324	1111.8	752.44	1
325	1112.4	753.01	1
326	1113.5	754.15	1
327	1113.5	754.15	1
328	1116.4	757.59	1
329	1118.1	758.16	1
330	1118.1	758.16	1
331	1118.1	758.16	1
332	1114.1	762.16	1
333	1113.5	762.74	1
334	1113.5	762.74	1
335	1113.5	762.74	1
336	1113.5	767.31	1
337	1117	768.46	1
338	1117	768.46	1
339	1117	768.46	1
340	1117	768.46	1
341	1117	768.46	1
342	1117	770.17	1
343	1117	773.03	1
344	1117	773.03	1
345	1117	773.03	1
346	1117	773.03	1
347	1117	773.6	1
348	1115.8	777.04	1
349	1115.8	778.75	1
350	1115.8	778.75	1
351	1115.8	779.32	1
352	1115.8	782.76	1
353	1115.8	785.62	1
354	1115.8	785.62	1
355	1118.7	789.62	1
356	1121	794.2	1
357	1121	794.2	1
358	1121	795.34	1
359	1121	798.77	1
360	1119.8	799.92	1
361	1119.8	800.49	1
362	1119.8	800.49	1
363	1119.8	801.06	1
364	1119.8	802.78	1
365	1119.8	802.78	1
366	1119.2	803.92	1
367	1119.2	804.49	1
368	1119.2	805.07	1
369	1118.7	806.21	1
370	1118.7	806.21	1
371	1118.7	808.5	1
372	1118.7	810.79	1
373	1118.7	810.79	1
374	1118.7	811.93	1
375	1118.7	812.5	1
376	1118.7	814.22	1
377	1118.7	815.36	1
378	1117.5	816.51	1
379	1117	819.37	1
380	1115.8	819.94	1
381	1115.8	819.94	1
382	1115.8	820.51	1
383	1115.8	820.51	1
384	1115.2	823.37	1
385	1115.2	825.09	1
386	1115.2	825.09	1
387	1115.2	826.23	1
388	1115.2	829.09	1
389	1115.2	829.66	1
390	1116.4	830.81	1
391	1116.4	831.95	1
392	1117	834.81	1
393	1117	837.1	1
394	1117	837.1	1
395	1117	837.1	1
396	1115.2	840.53	1
397	1115.2	841.68	1
398	1115.2	844.54	1
399	1115.2	846.25	1
400	1115.2	846.82	1
401	1115.2	846.82	1
402	1115.2	846.82	1
403	1115.2	846.82	1
404	1115.2	846.82	1
405	1115.2	846.82	1
406	1118.1	846.82	1
407	1118.1	846.82	1
408	1119.2	850.26	1
409	1119.2	852.54	1
410	1119.2	853.12	1
411	1120.4	855.98	1
412	1121	857.12	1
413	1122.1	858.26	1
414	1122.1	860.55	1
415	1122.1	862.27	1
416	1122.1	862.27	1
417	1122.1	862.84	1
418	1122.1	863.99	1
419	1121.5	863.99	1
420	1121.5	863.99	1
421	1121.5	863.99	1
422	1121.5	863.99	1
423	1121.5	863.99	1
424	1122.7	867.99	1
425	1122.7	868.56	1
426	1122.7	871.42	1
427	1123.8	873.71	1
428	1124.4	875.43	1
429	1126.1	877.14	1
430	1126.1	877.14	1
431	1127.8	879.43	1
432	1127.8	881.72	1
433	1127.8	881.72	1
434	1127.8	881.72	1
435	1127.8	881.72	1
436	1127.8	884.01	1
437	1127.8	884.01	1
438	1127.2	885.72	1
439	1127.2	886.87	1
440	1127.2	887.44	1
441	1127.8	889.73	1
442	1127.8	890.87	1
443	1126.7	895.45	1
