2	967.65	528.77	1
3	970.51	527.63	1
4	970.51	527.06	1
5	970.51	527.06	1
6	967.65	528.2	1
7	967.65	528.2	1
8	967.65	528.2	1
9	967.65	528.2	1
10	967.65	528.2	1
11	967.65	528.2	1
12	967.65	528.2	1
13	967.65	528.2	1
14	968.22	528.2	1
15	968.79	527.63	1
16	968.79	527.63	1
17	968.79	527.63	1
18	968.79	527.63	1
19	968.79	527.63	1
20	968.79	527.63	1
21	968.79	527.63	1
22	968.79	527.63	1
23	968.79	527.63	1
24	968.79	527.63	1
25	968.79	527.63	1
26	968.79	527.63	1
27	968.79	527.63	1
28	968.79	527.63	1
29	968.79	527.63	1
30	968.79	527.63	1
31	968.79	527.63	1
32	968.79	527.63	1
33	969.37	527.63	1
34	969.37	527.63	1
35	969.37	527.63	1
36	970.51	527.63	1
37	970.51	527.63	1
38	970.51	527.06	1
39	970.51	527.06	1
40	970.51	527.06	1
41	970.51	527.06	1
42	970.51	527.06	1
43	971.08	527.06	1
44	973.94	525.91	1
45	974.51	525.34	1
46	975.09	525.34	1
47	976.23	525.34	1
48	976.23	524.2	1
49	976.23	524.2	1
50	976.23	524.2	1
51	976.23	524.2	1
52	975.09	524.77	1
53	972.8	524.77	1
54	972.8	524.77	1
55	972.8	524.77	1
56	972.8	524.77	1
57	972.8	525.34	1
58	974.51	525.34	1
59	974.51	525.34	1
60	974.51	525.34	1
61	974.51	525.34	1
62	975.09	524.2	1
63	975.09	524.2	1
64	975.09	524.2	1
65	975.09	524.2	1
66	977.95	523.05	1
67	977.95	521.91	1
68	977.95	521.91	1
69	977.95	521.91	1
70	977.95	521.91	1
71	977.95	521.91	1
72	977.95	521.91	1
73	971.08	517.33	1
74	971.08	517.33	1
75	972.23	516.19	1
76	973.94	514.47	1
77	974.51	514.47	1
78	974.51	513.9	1
79	976.23	513.33	1
80	976.23	513.33	1
81	975.66	513.33	1
82	975.09	512.18	1
83	975.09	512.18	1
84	975.09	512.18	1
85	975.09	512.18	1
86	975.09	512.18	1
87	975.09	512.18	1
88	973.37	510.47	1
89	973.37	510.47	1
90	973.37	510.47	1
91	973.37	510.47	1
92	973.37	510.47	1
93	973.37	510.47	1
94	973.37	510.47	1
95	973.37	510.47	1
96	974.51	509.9	1
97	976.23	508.75	1
98	978.52	508.18	1
99	980.81	506.46	1
100	985.96	504.18	1
101	989.39	501.89	1
102	989.39	501.89	1
103	989.39	501.89	1
104	989.39	501.89	1
105	993.96	497.88	1
106	993.96	497.88	1
107	992.25	493.31	1
108	992.25	493.31	1
109	991.1	493.31	1
110	991.1	493.31	1
111	990.53	492.74	1
112	990.53	492.74	1
113	990.53	490.45	1
114	990.53	489.3	1
115	990.53	489.3	1
116	990.53	489.3	1
117	990.53	489.3	1
118	990.53	489.3	1
119	990.53	488.73	1
120	990.53	488.73	1
121	990.53	488.73	1
122	990.53	488.73	1
123	990.53	487.59	1
124	991.68	487.59	1
125	992.25	487.01	1
126	993.96	485.3	1
127	993.96	485.3	1
128	993.96	485.3	1
129	995.11	484.73	1
130	995.68	484.73	1
131	996.25	484.73	1
132	997.4	484.73	1
133	997.4	483.58	1
134	997.4	483.58	1
135	997.4	483.58	1
136	997.4	483.58	1
137	997.4	483.58	1
138	997.4	483.58	1
139	997.4	483.58	1
140	999.11	483.01	1
141	999.68	482.44	1
142	999.68	482.44	1
143	1001.4	481.29	1
144	1002	480.72	1
145	1003.1	477.86	1
146	1003.1	477.86	1
147	1003.1	477.86	1
148	1003.1	475.57	1
149	1003.7	473.29	1
150	1004.8	471.57	1
151	1005.4	471	1
152	1007.7	469.28	1
153	1008.8	469.28	1
154	1008.8	468.14	1
155	1008.8	468.14	1
156	1010.6	467.57	1
157	1011.1	466.42	1
158	1011.7	465.28	1
159	1011.7	462.42	1
160	1011.7	462.42	1
161	1011.7	462.42	1
162	1011.7	462.42	1
163	1011.7	462.42	1
164	1011.7	462.42	1
165	1013.4	461.85	1
166	1013.4	461.85	1
167	1013.4	461.85	1
168	1013.4	461.85	1
169	1013.4	461.85	1
170	1013.4	461.85	1
171	1013.4	461.85	1
172	1013.4	461.85	1
173	1014.6	461.85	1
174	1014.6	461.85	1
175	1014.6	461.85	1
176	1014.6	461.85	1
177	1014.6	461.85	1
178	1014.6	461.85	1
179	1014.6	461.27	1
180	1014.6	461.27	1
181	1014.6	461.27	1
182	1014.6	461.27	1
183	1014.6	461.27	1
184	1014.6	461.27	1
185	1014.6	461.27	1
186	1014.6	461.27	1
187	1014.6	461.27	1
188	1014.6	461.27	1
189	1014.6	461.27	1
190	1016.8	460.13	1
191	1016.8	460.13	1
192	1016.8	460.13	1
193	1016.8	460.13	1
194	1016.8	460.13	1
195	1016.8	460.13	1
196	1017.4	459.56	1
197	1018.6	458.41	1
198	1020.8	457.84	1
199	1020.8	456.7	1
200	1020.8	456.7	1
201	1022	456.7	1
202	1022	456.7	1
203	1022	456.12	1
204	1022	456.12	1
205	1023.1	455.55	1
206	1023.1	455.55	1
207	1024.3	455.55	1
208	1024.3	455.55	1
209	1028.9	453.84	1
210	1028.9	453.84	1
211	1030.6	452.69	1
212	1031.7	452.12	1
213	1031.7	450.98	1
214	1031.7	448.69	1
215	1031.7	448.12	1
216	1031.7	448.12	1
217	1031.7	448.12	1
218	1031.7	448.12	1
219	1031.7	448.12	1
220	1031.7	448.12	1
221	1032.3	448.12	1
222	1032.3	448.12	1
223	1032.3	448.12	1
224	1032.3	448.12	1
225	1032.3	448.12	1
226	1032.3	448.12	1
227	1032.3	448.12	1
228	1032.3	448.12	1
229	1032.3	448.12	1
230	1032.3	448.12	1
231	1032.3	448.12	1
232	1032.3	448.12	1
233	1032.3	448.12	1
234	1032.3	448.12	1
235	1032.3	448.12	1
236	1032.3	448.12	1
237	1032.3	448.12	1
238	1032.3	448.12	1
239	1032.3	448.12	1
240	1032.3	448.12	1
241	1032.3	448.12	1
242	1032.3	448.12	1
243	1032.3	448.12	1
244	1032.3	448.12	1
245	1032.3	448.12	1
246	1032.3	448.12	1
247	1032.3	448.12	1
248	1032.3	448.12	1
249	1032.3	448.12	1
250	1034	448.12	1
251	1034.6	446.97	1
252	1035.7	446.4	1
253	1037.4	445.26	1
254	1037.4	445.26	1
255	1038	444.68	1
256	1038	444.68	1
257	1038	444.68	1
258	1040.3	442.97	1
259	1042.6	441.25	1
260	1044.3	440.68	1
261	1045.4	440.11	1
262	1048.3	435.53	1
263	1050	434.39	1
264	1050	434.39	1
265	1051.2	434.39	1
266	1056.9	432.67	1
267	1056.9	432.67	1
268	1056.9	432.67	1
269	1056.9	432.67	1
270	1057.5	432.67	1
271	1057.5	432.67	1
272	1058.6	432.67	1
273	1059.2	432.67	1
274	1060.9	431.53	1
275	1061.5	431.53	1
276	1062.6	431.53	1
277	1063.2	430.96	1
278	1063.8	430.96	1
279	1064.9	429.81	1
280	1066.6	429.81	1
281	1068.9	429.24	1
282	1070.6	428.67	1
283	1071.2	428.67	1
284	1071.2	427.52	1
285	1071.2	427.52	1
286	1071.2	427.52	1
287	1076.3	425.24	1
288	1078.1	424.66	1
289	1078.6	423.52	1
290	1078.6	422.95	1
291	1078.6	422.95	1
292	1079.2	422.95	1
293	1079.2	422.95	1
294	1084.9	420.09	1
295	1086.1	420.09	1
296	1086.1	420.09	1
297	1086.1	419.51	1
298	1086.6	419.51	1
299	1090.6	418.94	1
300	1091.8	418.94	1
301	1093.5	417.8	1
302	1093.5	417.8	1
303	1095.8	417.23	1
304	1098.1	415.51	1
305	1098.1	415.51	1
306	1098.1	415.51	1
307	1100.4	414.37	1
308	1102.1	413.22	1
309	1103.8	413.22	1
310	1104.9	412.08	1
311	1105.5	411.51	1
312	1105.5	411.51	1
313	1109.5	410.36	1
314	1110.7	410.36	1
315	1111.2	409.79	1
316	1111.8	409.79	1
317	1114.7	408.65	1
318	1119.2	407.5	1
319	1120.4	407.5	1
320	1122.7	406.36	1
321	1124.4	405.79	1
322	1125	405.79	1
323	1129	404.64	1
324	1133	403.5	1
325	1134.7	402.35	1
326	1135.8	402.35	1
327	1136.4	402.35	1
328	1137	402.35	1
329	1149.6	401.78	1
330	1148.4	401.78	1
331	1148.4	401.78	1
332	1148.4	401.78	1
333	1148.4	401.78	1
334	1148.4	401.78	1
335	1149.6	401.78	1
336	1152.4	401.78	1
337	1154.1	401.78	1
338	1155.3	401.78	1
339	1155.3	401.78	1
340	1155.3	401.78	1
341	1164.4	400.07	1
342	1164.4	398.92	1
343	1164.4	398.92	1
344	1164.4	398.92	1
345	1169	398.35	1
346	1169	398.35	1
347	1169	398.35	1
348	1169	398.35	1
349	1175.9	398.35	1
350	1176.4	398.35	1
351	1177.6	398.35	1
352	1177.6	398.35	1
353	1178.2	398.35	1
354	1185.6	396.06	1
355	1186.2	396.06	1
356	1186.2	396.06	1
357	1190.2	396.06	1
358	1193	394.92	1
359	1193.6	394.92	1
360	1193.6	394.92	1
361	1193.6	394.92	1
362	1195.3	394.92	1
363	1198.8	394.92	1
364	1198.8	394.92	1
365	1200.5	394.92	1
366	1201.6	394.92	1
367	1205	394.92	1
368	1206.8	394.92	1
369	1206.8	394.92	1
370	1207.3	394.92	1
371	1207.3	394.92	1
372	1208.5	394.92	1
373	1214.8	396.63	1
374	1217.6	397.78	1
375	1222.2	397.21	1
376	1222.2	398.35	1
377	1222.2	396.06	1
378	1221.6	395.49	1
379	1223.9	394.92	1
380	1264.5	394.92	1
381	1271.4	393.77	1
382	1274.3	394.92	1
383	1277.1	393.77	1
384	1281.1	393.77	1
385	1281.7	396.63	1
386	1287.4	397.21	1
387	1287.4	398.35	1
388	1288.6	398.35	1
389	1290.3	398.35	1
390	1291.4	398.92	1
391	1291.4	398.92	1
392	1294.3	398.92	1
393	1294.3	398.92	1
394	1294.3	398.92	1
395	1294.3	398.92	1
396	1295.4	400.07	1
397	1300	400.07	1
398	1300.6	400.07	1
399	1300.6	400.07	1
400	1300.6	400.07	1
401	1305.7	401.21	1
402	1306.3	401.21	1
403	1309.7	401.21	1
404	1312.6	401.21	1
405	1316	402.35	1
406	1316.6	402.35	1
407	1319.5	402.35	1
408	1321.2	402.35	1
409	1321.7	401.78	1
410	1321.7	401.78	1
411	1321.7	401.78	1
412	1323.5	401.78	1
413	1325.2	401.78	1
414	1325.2	401.78	1
415	1326.9	401.78	1
416	1332	401.78	1
