1	985.62	535.25	1
2	985.07	535.25	1
3	983.97	535.25	1
4	983.97	535.25	1
5	983.97	535.25	1
6	982.86	535.25	1
7	982.31	535.25	1
8	982.31	535.25	1
9	982.31	535.81	1
10	982.31	535.81	1
11	982.31	535.81	1
12	981.21	535.81	1
13	981.21	535.81	1
14	981.21	535.81	1
15	981.21	535.81	1
16	981.21	535.81	1
17	981.21	535.25	1
18	980.65	531.39	1
19	980.65	530.84	1
20	980.65	530.84	1
21	980.65	530.84	1
22	980.65	530.84	1
23	980.65	530.84	1
24	979.55	530.84	1
25	979.55	530.84	1
26	980.65	531.94	1
27	981.76	531.94	1
28	983.41	531.94	1
29	987.83	529.73	1
30	986.17	530.29	1
31	984.52	530.29	1
32	984.52	530.29	1
33	983.97	530.29	1
34	983.97	530.84	1
35	982.86	530.84	1
36	982.86	530.84	1
37	982.86	530.84	1
38	982.86	530.84	1
39	982.86	530.84	1
40	982.86	530.84	1
41	982.86	530.84	1
42	982.86	530.84	1
43	983.41	530.84	1
44	987.28	530.84	1
45	987.28	530.84	1
46	987.28	530.84	1
47	989.49	530.84	1
48	989.49	530.84	1
49	993.35	530.84	1
50	995.01	530.84	1
51	995.01	530.84	1
52	995.01	530.84	1
53	995.01	530.84	1
54	995.01	530.84	1
55	995.01	530.84	1
56	998.87	532.49	1
57	1001.1	533.05	1
58	1006.1	533.05	1
59	1009.4	534.15	1
60	1010.5	534.15	1
61	1013.8	534.15	1
62	1015.4	534.15	1
63	1018.8	534.7	1
64	1018.8	534.7	1
65	1018.8	534.7	1
66	1018.8	534.7	1
67	1018.8	534.7	1
68	1018.8	534.7	1
69	1018.8	534.7	1
70	1018.8	534.7	1
71	1018.8	534.7	1
72	1018.8	534.7	1
73	1018.8	534.7	1
74	1018.8	534.7	1
75	1018.8	534.7	1
76	1019.3	534.7	1
77	1019.9	534.7	1
78	1021.5	534.7	1
79	1021.5	534.7	1
80	1021.5	534.7	1
81	1021.5	534.7	1
82	1021.5	534.7	1
83	1021.5	534.7	1
84	1021.5	534.7	1
85	1021.5	534.7	1
86	1021.5	534.7	1
87	1021.5	534.7	1
88	1021.5	534.7	1
89	1021.5	534.7	1
90	1021.5	534.7	1
91	1021.5	534.7	1
92	1024.8	534.7	1
93	1026.5	534.7	1
94	1029.2	535.81	1
95	1034.2	537.46	1
96	1036.4	538.57	1
97	1038.1	539.67	1
98	1040.3	540.22	1
99	1043.6	541.88	1
100	1043.6	541.88	1
101	1043.6	541.88	1
102	1043.6	541.88	1
103	1043.6	541.88	1
104	1041.9	542.98	1
105	1041.9	542.98	1
106	1041.9	542.98	1
107	1041.9	542.98	1
108	1041.9	542.98	1
109	1041.9	543.54	1
110	1041.9	543.54	1
111	1041.9	543.54	1
112	1041.9	543.54	1
113	1041.9	543.54	1
114	1041.9	543.54	1
115	1041.9	543.54	1
116	1041.9	543.54	1
117	1041.9	543.54	1
118	1041.9	543.54	1
119	1041.9	543.54	1
120	1041.9	543.54	1
121	1041.9	543.54	1
122	1041.9	543.54	1
123	1041.9	543.54	1
124	1041.9	543.54	1
125	1044.7	543.54	1
126	1045.8	543.54	1
127	1048.6	544.09	1
128	1048.6	544.09	1
129	1049.7	544.09	1
130	1051.3	545.19	1
131	1052.4	545.19	1
132	1054.1	546.85	1
133	1054.1	546.85	1
134	1054.1	546.85	1
135	1054.1	547.4	1
136	1054.6	550.71	1
137	1055.2	552.37	1
138	1056.3	552.92	1
139	1056.8	553.48	1
140	1056.8	553.48	1
141	1058	555.13	1
142	1059.6	557.89	1
143	1060.7	560.1	1
144	1063.5	561.76	1
145	1063.5	562.31	1
146	1063.5	562.31	1
147	1063.5	562.31	1
148	1063.5	562.31	1
149	1063.5	562.31	1
150	1063.5	562.31	1
151	1066.2	564.52	1
152	1069	566.17	1
153	1069	568.38	1
154	1069	571.14	1
155	1069	572.8	1
156	1069	573.35	1
157	1069.5	578.32	1
158	1069.5	578.87	1
159	1071.2	580.53	1
160	1071.8	581.08	1
161	1071.8	582.19	1
162	1071.8	582.74	1
163	1071.8	584.95	1
164	1071.8	587.71	1
165	1071.8	588.81	1
166	1071.8	588.81	1
167	1072.9	589.92	1
168	1072.9	589.92	1
169	1073.4	589.92	1
170	1074.5	591.57	1
171	1075.6	597.1	1
172	1076.7	598.2	1
173	1076.2	601.51	1
174	1076.2	601.51	1
175	1075.6	603.17	1
176	1075.6	606.48	1
177	1075.6	607.03	1
178	1075.1	608.14	1
179	1075.1	608.14	1
180	1075.1	608.14	1
181	1076.7	613.66	1
182	1076.7	613.66	1
183	1076.7	614.21	1
184	1077.3	615.87	1
185	1078.4	618.63	1
186	1080	620.29	1
187	1080	621.94	1
188	1080.6	623.6	1
189	1080.6	624.15	1
190	1080.6	624.15	1
191	1080.6	624.15	1
192	1080.6	624.15	1
193	1080.6	624.15	1
194	1080.6	624.15	1
195	1080.6	626.91	1
196	1080.6	629.67	1
197	1079.5	633.54	1
198	1078.9	635.19	1
199	1077.8	636.85	1
200	1077.8	638.51	1
201	1077.8	639.06	1
202	1080	644.03	1
203	1080.6	645.68	1
204	1082.8	647.89	1
205	1084.5	649.55	1
206	1085	651.76	1
207	1086.1	655.07	1
208	1086.7	656.73	1
209	1086.7	659.49	1
210	1086.7	661.14	1
211	1086.7	662.25	1
212	1078.9	666.11	1
213	1077.8	666.11	1
214	1077.8	666.11	1
215	1077.8	666.11	1
216	1083.9	672.19	1
217	1084.5	673.84	1
218	1084.5	673.84	1
219	1084.5	673.84	1
220	1084.5	673.84	1
221	1084.5	673.84	1
222	1085	673.84	1
223	1086.7	675.5	1
224	1087.8	677.71	1
225	1089.4	679.92	1
226	1088.9	682.68	1
227	1088.3	684.89	1
228	1088.3	685.44	1
229	1088.3	685.44	1
230	1088.3	685.44	1
231	1089.4	690.96	1
232	1091.6	695.93	1
233	1092.2	697.59	1
234	1093.3	698.14	1
235	1092.7	701.45	1
236	1092.7	704.21	1
237	1092.2	708.63	1
238	1091.1	711.39	1
239	1090.5	714.15	1
240	1090.5	715.25	1
241	1090.5	715.25	1
242	1090.5	716.36	1
243	1090.5	716.91	1
244	1090.5	718.57	1
245	1090.5	720.78	1
246	1091.6	725.75	1
247	1092.2	727.4	1
248	1092.2	729.06	1
249	1092.2	731.82	1
250	1092.2	733.48	1
251	1092.2	733.48	1
252	1092.2	734.58	1
253	1092.2	735.13	1
254	1092.2	738.44	1
255	1092.2	741.21	1
256	1092.2	742.86	1
257	1093.3	745.07	1
258	1093.8	747.83	1
259	1093.8	747.83	1
260	1093.8	747.83	1
261	1093.8	747.83	1
262	1094.9	747.83	1
263	1094.9	748.38	1
264	1095.5	750.59	1
265	1097.2	752.25	1
266	1097.2	753.35	1
267	1099.4	757.22	1
268	1100.5	759.43	1
269	1100.5	761.08	1
270	1098.3	764.4	1
271	1098.3	764.95	1
272	1098.3	766.6	1
273	1098.3	767.16	1
274	1098.8	768.26	1
275	1098.8	768.81	1
276	1100.5	772.13	1
277	1101	777.65	1
278	1101	779.3	1
279	1101.6	780.41	1
280	1101.6	780.41	1
281	1103.2	783.72	1
282	1104.9	785.93	1
283	1104.9	787.03	1
284	1106.5	790.35	1
285	1106.5	791.45	1
286	1107.1	793.11	1
287	1107.1	794.21	1
288	1107.1	795.32	1
289	1107.1	798.63	1
290	1107.1	799.73	1
291	1107.1	799.73	1
292	1108.2	803.6	1
293	1108.2	805.25	1
294	1108.8	806.36	1
295	1108.8	809.12	1
296	1109.9	813.54	1
297	1110.4	815.19	1
298	1111	815.75	1
299	1112.6	818.51	1
300	1114.3	820.16	1
301	1114.3	820.16	1
302	1114.3	820.16	1
303	1115.4	820.71	1
304	1119.2	824.58	1
305	1122	827.89	1
306	1123.7	829.55	1
307	1123.7	829.55	1
308	1123.7	829.55	1
309	1127.5	832.31	1
310	1129.2	835.62	1
311	1129.2	835.62	1
312	1129.2	835.62	1
313	1129.2	835.62	1
314	1130.8	837.28	1
315	1132.5	841.7	1
316	1133	842.8	1
317	1133	842.8	1
318	1135.8	845.56	1
319	1136.4	846.67	1
320	1136.9	847.22	1
321	1136.9	848.32	1
322	1139.7	853.84	1
323	1140.8	856.05	1
324	1141.9	856.05	1
325	1141.9	856.05	1
326	1141.9	859.37	1
327	1143.5	861.57	1
328	1143.5	862.13	1
329	1144.1	862.13	1
330	1145.7	864.89	1
331	1146.3	865.44	1
