1	947.06	549.94	1
2	947.06	549.94	1
3	947.06	549.94	1
4	949.35	549.94	1
5	949.35	549.94	1
6	949.35	549.94	1
7	949.35	549.94	1
8	949.35	549.94	1
9	949.35	549.94	1
10	943.63	551.65	1
11	943.63	551.65	1
12	943.63	551.65	1
13	943.63	551.65	1
14	940.19	553.37	1
15	939.62	553.37	1
16	939.62	553.37	1
17	939.62	553.37	1
18	937.9	554.51	1
19	937.9	554.51	1
20	937.9	554.51	1
21	937.9	554.51	1
22	925.32	558.52	1
23	916.74	560.81	1
24	915.6	566.53	1
25	915.6	566.53	1
26	915.6	566.53	1
27	915.6	566.53	1
28	915.6	566.53	1
29	915.6	567.67	1
30	915.6	567.67	1
31	915.6	567.67	1
32	913.88	569.96	1
33	911.59	570.53	1
34	911.59	571.68	1
35	905.87	573.96	1
36	905.87	573.96	1
37	907.01	573.96	1
38	907.59	573.96	1
39	911.02	572.82	1
40	911.02	572.82	1
41	911.02	572.82	1
42	911.02	572.82	1
43	911.02	572.82	1
44	908.73	572.82	1
45	908.73	572.82	1
46	908.73	572.82	1
47	907.59	573.39	1
48	907.59	573.96	1
49	903.01	577.97	1
50	903.01	577.97	1
51	903.01	581.4	1
52	903.01	583.12	1
53	903.01	585.4	1
54	903.01	585.4	1
55	903.01	585.4	1
56	903.01	585.98	1
57	903.01	585.98	1
58	902.44	587.12	1
59	901.87	590.55	1
60	900.72	594.56	1
61	899.01	596.27	1
62	897.29	597.42	1
63	896.15	598.56	1
64	894.43	600.28	1
65	892.71	600.85	1
66	889.28	603.14	1
67	888.71	603.14	1
68	886.99	604.28	1
69	886.99	604.28	1
70	886.99	604.28	1
71	886.99	604.28	1
72	884.71	606.57	1
73	883.56	607.14	1
74	882.99	608.29	1
75	881.27	610	1
76	877.84	612.29	1
77	877.27	612.29	1
78	876.7	612.86	1
79	873.26	614.58	1
80	872.12	615.72	1
81	872.12	615.72	1
82	872.12	615.72	1
83	869.83	616.29	1
84	869.83	616.87	1
85	867.54	618.58	1
86	865.83	620.3	1
87	862.4	623.73	1
88	860.11	624.3	1
89	858.39	626.02	1
90	855.53	626.02	1
91	852.67	626.02	1
92	850.96	626.02	1
93	851.53	626.02	1
94	851.53	626.02	1
95	851.53	626.02	1
96	849.81	626.02	1
97	849.81	626.02	1
98	844.66	626.02	1
99	844.09	626.02	1
100	835.51	628.31	1
101	835.51	629.45	1
102	835.51	629.45	1
103	835.51	629.45	1
104	833.22	630.02	1
105	832.65	631.17	1
106	831.51	631.17	1
107	827.5	633.46	1
108	827.5	633.46	1
109	827.5	633.46	1
110	826.93	636.89	1
111	826.93	637.46	1
112	826.93	638.03	1
113	826.93	640.89	1
114	825.79	642.61	1
115	825.21	643.18	1
116	824.07	643.75	1
117	824.07	643.75	1
118	823.5	643.75	1
119	820.07	647.18	1
120	820.07	647.18	1
121	813.2	651.19	1
122	813.2	651.19	1
123	813.2	651.19	1
124	812.06	651.19	1
125	812.06	652.33	1
126	809.77	652.9	1
127	809.77	654.05	1
128	808.62	654.05	1
129	807.48	654.05	1
130	806.34	654.62	1
131	804.62	655.19	1
132	804.62	655.19	1
133	804.05	655.19	1
134	801.76	656.34	1
135	800.62	656.91	1
136	800.62	656.91	1
137	800.04	656.91	1
138	798.9	658.05	1
139	794.9	660.34	1
140	794.9	660.34	1
141	794.9	660.34	1
142	793.18	660.91	1
143	792.61	662.06	1
144	789.18	663.77	1
145	788.6	664.92	1
146	788.6	664.92	1
147	785.17	667.78	1
148	782.88	668.35	1
149	782.31	669.49	1
150	781.17	670.07	1
151	779.45	670.07	1
152	777.16	672.35	1
153	775.45	674.07	1
154	774.88	674.07	1
155	773.73	674.64	1
156	772.01	677.5	1
157	769.73	682.08	1
158	769.73	682.08	1
159	769.73	682.08	1
160	769.73	682.08	1
161	770.87	682.08	1
162	770.87	682.08	1
163	770.87	682.08	1
164	769.73	683.79	1
165	769.15	686.08	1
166	769.15	686.08	1
167	769.15	686.08	1
168	765.72	688.94	1
169	765.15	689.51	1
170	764.01	690.66	1
171	764.01	691.23	1
172	761.72	691.8	1
173	760	692.95	1
174	760	692.95	1
175	759.43	692.95	1
176	758.29	695.81	1
177	758.29	697.52	1
178	758.29	698.67	1
179	758.29	700.38	1
180	758.29	700.38	1
181	758.29	700.96	1
182	758.29	701.53	1
183	758.29	702.67	1
184	758.29	702.67	1
185	755.43	703.24	1
186	755.43	703.24	1
187	748.56	707.25	1
188	748.56	708.39	1
189	748.56	708.39	1
190	748.56	708.39	1
191	747.99	708.39	1
192	742.84	708.39	1
193	742.27	708.96	1
194	740.55	710.11	1
195	738.84	710.68	1
196	734.26	711.25	1
197	734.26	711.25	1
198	734.26	711.25	1
199	734.26	711.25	1
200	732.54	711.25	1
201	728.54	712.4	1
202	728.54	712.4	1
203	728.54	712.4	1
204	728.54	712.4	1
205	725.68	712.97	1
206	725.68	712.97	1
207	725.68	712.97	1
208	725.11	712.97	1
209	725.11	712.97	1
210	725.11	712.97	1
211	725.11	712.97	1
212	723.39	712.97	1
213	719.39	712.97	1
214	718.82	712.97	1
215	717.1	712.97	1
216	715.96	712.97	1
217	709.09	711.82	1
218	707.38	711.82	1
219	706.23	711.25	1
220	706.23	710.68	1
221	703.94	709.54	1
222	703.37	708.96	1
223	701.65	707.25	1
224	700.51	706.68	1
225	700.51	705.53	1
226	698.79	704.96	1
227	697.65	703.24	1
228	696.51	703.24	1
229	694.79	701.53	1
230	692.5	699.24	1
231	692.5	699.24	1
232	692.5	699.24	1
233	691.93	699.24	1
234	690.21	698.67	1
