1	979	539.67	1
2	979	538.02	1
3	977.34	538.02	1
4	975.13	537.46	1
5	974.03	537.46	1
6	974.03	537.46	1
7	974.03	537.46	1
8	974.03	537.46	1
9	974.03	537.46	1
10	974.03	537.46	1
11	975.68	537.46	1
12	977.34	537.46	1
13	978.44	537.46	1
14	978.44	537.46	1
15	979	537.46	1
16	979	539.12	1
17	979	539.12	1
18	979	539.67	1
19	980.1	539.67	1
20	980.1	540.78	1
21	980.65	540.78	1
22	983.97	540.78	1
23	985.07	541.33	1
24	986.73	542.43	1
25	986.73	542.98	1
26	988.38	546.85	1
27	990.04	548.51	1
28	993.35	555.68	1
29	993.9	556.24	1
30	997.77	557.89	1
31	1001.6	559	1
32	1004.4	559.55	1
33	1004.9	560.1	1
34	1005.5	560.1	1
35	1008.8	563.41	1
36	1011	565.62	1
37	1013.8	568.94	1
38	1014.3	568.94	1
39	1014.3	569.49	1
40	1016	572.8	1
41	1016	573.9	1
42	1016.5	576.11	1
43	1018.2	577.77	1
44	1018.2	577.77	1
45	1018.2	577.77	1
46	1019.3	578.32	1
47	1021.5	579.43	1
48	1024.8	580.53	1
49	1027.6	582.19	1
50	1028.7	582.19	1
51	1028.7	582.19	1
52	1030.9	583.29	1
53	1032.6	583.84	1
54	1033.1	583.84	1
55	1033.1	583.84	1
56	1035.9	583.84	1
57	1036.4	584.95	1
58	1039.7	585.5	1
59	1042.5	586.05	1
60	1042.5	587.16	1
61	1044.2	588.81	1
62	1045.3	588.81	1
63	1045.3	589.37	1
64	1047.5	592.68	1
65	1049.1	594.33	1
66	1049.7	594.89	1
67	1049.7	594.89	1
68	1050.8	594.89	1
69	1051.3	594.89	1
70	1053	597.1	1
71	1054.6	598.75	1
72	1054.6	598.75	1
73	1054.6	600.41	1
74	1055.2	602.06	1
75	1055.2	603.72	1
76	1055.7	603.72	1
77	1057.4	606.48	1
78	1060.7	609.79	1
79	1061.3	610.35	1
80	1062.4	611.45	1
81	1062.9	613.11	1
82	1064.6	614.76	1
83	1065.7	615.32	1
84	1066.8	615.87	1
85	1069.5	619.18	1
86	1071.2	621.39	1
87	1073.4	625.25	1
88	1073.4	626.36	1
89	1073.4	629.67	1
90	1073.4	630.78	1
91	1074	632.43	1
92	1075.1	636.3	1
93	1075.1	636.3	1
94	1075.1	639.61	1
95	1075.1	641.27	1
96	1075.1	644.58	1
97	1075.6	647.34	1
98	1075.6	647.34	1
99	1076.2	648.44	1
100	1077.3	651.21	1
101	1077.8	652.31	1
102	1081.1	660.59	1
103	1081.7	661.7	1
104	1081.7	661.7	1
105	1081.7	662.25	1
106	1082.8	665.56	1
107	1082.8	665.56	1
108	1084.5	665.56	1
109	1086.1	665.56	1
110	1087.2	668.87	1
111	1088.3	670.53	1
112	1088.3	671.63	1
113	1087.8	673.29	1
114	1087.2	674.95	1
115	1087.2	679.92	1
116	1087.2	680.47	1
117	1087.2	681.02	1
118	1086.7	684.33	1
119	1085.6	687.65	1
120	1085.6	687.65	1
121	1085.6	687.65	1
122	1085.6	687.65	1
123	1083.4	693.72	1
124	1082.2	694.83	1
125	1082.2	695.93	1
126	1081.7	697.59	1
127	1081.7	703.11	1
128	1081.7	703.11	1
129	1081.7	704.76	1
130	1081.7	706.42	1
131	1081.1	706.97	1
132	1080	710.29	1
133	1080	711.94	1
134	1079.5	712.49	1
135	1078.4	714.15	1
136	1077.8	715.25	1
137	1077.8	715.25	1
138	1077.8	715.25	1
139	1071.8	719.12	1
140	1070.1	720.78	1
141	1070.1	720.78	1
142	1067.3	723.54	1
143	1063.5	728.51	1
144	1063.5	727.95	1
145	1063.5	727.95	1
146	1063.5	727.95	1
147	1062.9	728.51	1
148	1060.7	731.27	1
149	1060.7	735.68	1
150	1060.7	736.79	1
151	1060.7	740.1	1
152	1059.1	743.41	1
153	1057.4	745.07	1
154	1056.3	746.73	1
155	1055.2	747.83	1
156	1052.4	751.14	1
157	1051.3	753.35	1
158	1051.3	755.01	1
159	1050.2	756.11	1
160	1050.2	756.11	1
161	1050.2	756.11	1
162	1050.2	756.67	1
163	1048	758.87	1
164	1046.4	760.53	1
165	1046.4	760.53	1
166	1045.8	761.63	1
167	1043	762.74	1
168	1041.4	764.4	1
169	1040.8	765.5	1
170	1039.2	766.6	1
171	1038.6	766.6	1
172	1037.5	767.71	1
173	1036.4	768.26	1
174	1034.8	769.37	1
175	1031.5	771.02	1
176	1027.6	773.23	1
177	1025.4	776.54	1
178	1025.4	777.1	1
179	1024.3	777.1	1
180	1019.9	779.3	1
181	1016	782.06	1
182	1014.3	782.62	1
183	1009.4	785.93	1
184	1007.2	788.14	1
185	1005.5	789.79	1
186	1003.8	792	1
187	1003.8	792.56	1
188	1002.2	793.66	1
189	999.98	795.32	1
190	998.32	795.87	1
191	996.11	798.08	1
192	995.56	799.18	1
193	994.46	799.18	1
194	992.8	800.84	1
195	992.25	801.39	1
196	991.14	801.94	1
197	990.04	803.6	1
198	988.38	805.25	1
199	985.62	807.46	1
200	983.41	810.22	1
201	982.86	810.78	1
202	981.76	812.43	1
203	980.65	812.98	1
204	979.55	814.64	1
205	979	815.75	1
206	977.89	816.3	1
207	977.34	817.4	1
208	975.13	819.61	1
209	974.03	821.27	1
210	973.48	821.82	1
211	971.82	823.48	1
212	971.82	824.03	1
213	970.71	825.68	1
214	969.61	827.34	1
215	968.51	827.89	1
216	968.51	827.89	1
217	966.85	831.21	1
218	966.85	832.86	1
219	966.3	834.52	1
220	965.75	835.07	1
221	964.09	838.38	1
222	964.09	838.94	1
223	962.98	840.04	1
224	961.33	841.7	1
225	960.22	842.25	1
226	958.57	842.25	1
227	955.25	843.9	1
228	953.05	844.46	1
229	953.05	844.46	1
230	953.05	844.46	1
231	951.94	845.56	1
232	950.29	845.56	1
233	949.18	846.11	1
234	947.52	847.22	1
235	945.32	847.77	1
236	942.56	848.32	1
237	942	848.32	1
238	940.9	849.43	1
239	940.35	849.43	1
240	934.27	852.74	1
241	932.62	852.74	1
242	932.62	853.29	1
243	932.62	853.29	1
244	932.62	853.29	1
245	932.62	853.29	1
246	931.51	853.29	1
247	930.96	853.29	1
248	929.3	853.84	1
249	925.99	855.5	1
250	925.44	856.6	1
251	925.44	856.6	1
252	925.44	856.6	1
253	922.13	857.71	1
254	921.57	857.71	1
255	919.92	858.81	1
256	918.26	859.37	1
257	912.19	860.47	1
258	908.87	861.02	1
259	908.87	861.02	1
260	904.46	861.02	1
261	903.35	861.02	1
262	903.35	861.02	1
263	901.7	861.02	1
264	900.04	859.92	1
265	898.94	859.92	1
266	897.83	859.92	1
267	897.28	859.37	1
268	897.28	859.37	1
269	895.07	859.37	1
270	892.31	858.26	1
271	890.1	858.26	1
272	888.44	858.26	1
273	885.13	858.26	1
274	885.13	857.71	1
275	884.58	857.71	1
276	884.03	857.71	1
277	880.71	857.71	1
278	878.51	857.71	1
279	876.85	857.71	1
280	873.54	857.16	1
281	869.67	857.16	1
282	867.46	856.05	1
283	864.15	856.05	1
284	863.6	856.05	1
285	862.49	856.05	1
286	859.73	855.5	1
287	854.76	855.5	1
288	852.56	854.4	1
289	850.9	854.4	1
290	849.79	854.4	1
291	847.03	854.4	1
292	842.06	853.84	1
293	839.86	853.84	1
294	837.65	853.84	1
295	836.54	853.84	1
296	835.99	853.84	1
297	834.33	853.84	1
298	832.13	853.84	1
299	831.02	853.84	1
300	829.37	853.84	1
301	827.16	853.84	1
302	825.5	853.84	1
303	824.4	853.84	1
304	823.29	853.84	1
305	819.98	853.84	1
306	817.77	853.84	1
307	817.77	853.84	1
308	816.11	853.84	1
309	812.25	853.84	1
310	810.04	853.84	1
311	808.38	853.84	1
312	806.17	853.84	1
313	806.17	853.84	1
314	802.31	853.29	1
315	801.21	853.29	1
316	800.65	853.29	1
317	800.65	853.29	1
318	799	852.19	1
319	795.13	852.19	1
320	793.48	852.19	1
321	792.92	852.19	1
322	789.06	852.19	1
323	789.06	852.19	1
324	787.95	852.19	1
325	785.75	852.19	1
326	784.64	852.19	1
327	781.88	852.19	1
328	774.7	852.74	1
329	773.6	852.74	1
330	765.87	853.29	1
331	765.32	853.29	1
332	765.32	853.29	1
333	765.32	853.29	1
334	765.32	853.29	1
335	765.32	853.29	1
336	764.21	853.29	1
337	757.59	853.29	1
338	755.93	853.29	1
339	753.72	853.29	1
340	752.06	853.29	1
341	750.41	853.29	1
342	749.3	853.29	1
343	748.2	853.29	1
344	747.1	853.29	1
345	747.1	853.29	1
346	747.1	853.29	1
347	747.1	853.29	1
348	746.54	853.29	1
349	745.44	853.29	1
350	739.92	854.95	1
351	737.71	855.5	1
352	737.71	855.5	1
353	737.16	855.5	1
354	734.4	856.6	1
355	734.4	856.6	1
356	733.84	857.16	1
357	732.19	857.16	1
358	731.63	857.71	1
359	731.63	857.71	1
360	730.53	857.71	1
361	728.32	858.81	1
362	725.01	859.37	1
363	725.01	860.47	1
364	725.01	860.47	1
365	725.01	860.47	1
366	724.46	862.13	1
367	724.46	862.13	1
368	723.35	862.13	1
369	719.49	863.23	1
