1	940.76	529.92	1
2	940.76	529.92	1
3	938.48	530.49	1
4	938.48	530.49	1
5	936.76	531.06	1
6	934.47	532.21	1
7	934.47	532.21	1
8	932.18	531.63	1
9	932.18	531.63	1
10	929.9	531.63	1
11	928.18	531.63	1
12	927.04	531.63	1
13	924.75	531.06	1
14	924.75	531.06	1
15	921.32	529.35	1
16	921.32	527.06	1
17	921.32	525.34	1
18	918.46	524.2	1
19	915.02	524.2	1
20	914.45	524.2	1
21	914.45	524.2	1
22	905.87	525.34	1
23	905.87	525.34	1
24	905.87	525.34	1
25	905.87	525.34	1
26	905.87	525.34	1
27	905.3	525.34	1
28	901.29	525.34	1
29	899.58	525.34	1
30	894.43	527.06	1
31	894.43	527.06	1
32	894.43	525.91	1
33	894.43	525.91	1
34	894.43	525.34	1
35	893.29	524.2	1
36	893.29	523.62	1
37	893.29	523.62	1
38	893.29	523.62	1
39	893.29	523.05	1
40	890.43	523.05	1
41	890.43	523.05	1
42	890.43	523.05	1
43	889.85	523.05	1
44	885.85	521.91	1
45	885.85	521.91	1
46	884.71	521.34	1
47	884.13	521.34	1
48	884.13	521.34	1
49	883.56	521.34	1
50	883.56	521.34	1
51	883.56	521.34	1
52	883.56	521.34	1
53	881.85	521.34	1
54	880.7	521.34	1
55	880.7	521.34	1
56	877.84	521.34	1
57	877.84	521.34	1
58	877.84	521.34	1
59	872.12	520.19	1
60	872.12	520.19	1
61	870.4	519.62	1
62	868.69	519.62	1
63	866.4	519.62	1
64	865.26	519.62	1
65	864.68	519.62	1
66	863.54	519.62	1
67	861.25	519.62	1
68	861.25	519.62	1
69	861.25	519.62	1
70	858.96	520.76	1
71	858.96	520.76	1
72	858.96	520.76	1
73	858.96	520.76	1
74	858.96	520.76	1
75	858.96	520.76	1
76	858.96	520.76	1
77	858.96	520.76	1
78	858.96	520.76	1
79	857.82	520.19	1
80	857.82	520.19	1
81	857.82	520.19	1
82	853.24	521.34	1
83	853.24	521.34	1
84	854.39	520.19	1
85	854.39	520.19	1
86	854.39	519.62	1
87	853.24	518.48	1
88	853.24	518.48	1
89	853.24	517.9	1
90	850.96	517.9	1
91	849.24	517.33	1
92	847.52	516.19	1
93	845.81	515.62	1
94	845.81	515.62	1
95	844.09	515.62	1
96	843.52	515.62	1
97	843.52	514.47	1
98	841.8	514.47	1
99	838.37	514.47	1
100	832.65	515.04	1
101	831.51	515.62	1
102	830.36	515.62	1
103	830.36	515.62	1
104	830.36	515.62	1
105	828.65	515.62	1
106	828.65	515.62	1
107	828.07	515.62	1
108	824.64	516.76	1
109	824.07	516.76	1
110	824.07	516.76	1
111	824.07	516.76	1
112	824.07	516.76	1
113	822.35	516.76	1
114	822.35	516.76	1
115	821.21	517.33	1
116	820.07	517.33	1
117	817.21	517.33	1
118	816.06	517.33	1
119	816.06	517.33	1
120	814.92	515.62	1
121	813.2	512.18	1
122	813.2	512.18	1
123	812.63	512.18	1
124	810.91	511.61	1
125	810.34	510.47	1
126	810.34	510.47	1
127	810.34	510.47	1
128	810.34	510.47	1
129	809.2	510.47	1
130	809.2	510.47	1
131	809.2	510.47	1
132	805.76	509.9	1
133	803.48	508.18	1
134	802.9	508.18	1
135	802.9	507.61	1
136	801.76	507.61	1
137	801.19	506.46	1
138	800.62	505.89	1
139	794.9	504.75	1
140	790.32	504.18	1
141	790.32	504.18	1
142	790.32	504.18	1
143	790.32	503.03	1
144	790.89	503.03	1
145	790.89	503.03	1
146	790.89	503.03	1
147	790.89	503.03	1
148	790.89	503.03	1
149	790.89	503.03	1
150	790.32	501.89	1
151	789.75	500.17	1
152	789.18	500.17	1
153	789.18	500.17	1
154	789.18	500.17	1
155	785.74	497.88	1
156	784.6	497.88	1
157	784.6	496.74	1
158	784.03	496.74	1
159	784.03	496.74	1
160	783.46	496.74	1
161	783.46	496.74	1
162	783.46	496.74	1
163	783.46	496.74	1
164	782.31	496.74	1
165	782.31	496.74	1
166	782.31	496.74	1
167	782.31	496.74	1
168	782.31	496.74	1
169	779.45	496.17	1
170	776.59	495.02	1
171	776.02	495.02	1
172	774.88	494.45	1
173	774.3	494.45	1
174	774.3	494.45	1
175	772.59	493.31	1
176	770.3	492.74	1
177	769.15	492.74	1
178	768.58	492.16	1
179	768.58	492.16	1
180	768.01	492.16	1
181	768.01	492.16	1
182	766.29	492.16	1
183	765.15	492.16	1
184	762.29	491.02	1
185	761.15	491.02	1
186	760.57	490.45	1
187	759.43	490.45	1
188	758.86	490.45	1
189	758.29	489.3	1
190	757.14	489.3	1
191	756.57	489.3	1
192	753.71	488.73	1
193	753.71	488.73	1
194	753.14	488.73	1
195	752.57	488.73	1
196	750.85	487.59	1
197	749.13	487.59	1
198	747.42	487.01	1
199	746.85	487.01	1
200	745.7	487.01	1
201	745.13	487.01	1
202	743.99	486.44	1
203	743.99	486.44	1
204	742.84	486.44	1
205	739.41	485.3	1
206	738.26	485.3	1
207	738.26	485.3	1
208	738.26	485.3	1
209	737.69	485.3	1
210	735.98	484.73	1
211	735.4	484.73	1
212	735.4	484.73	1
213	734.26	484.73	1
214	733.69	484.73	1
215	731.97	483.58	1
216	731.97	483.58	1
217	731.4	483.58	1
218	729.68	483.58	1
219	728.54	483.01	1
220	728.54	483.01	1
221	727.97	483.01	1
222	727.4	483.01	1
223	725.68	483.01	1
224	723.96	483.01	1
225	721.68	481.87	1
226	720.53	481.29	1
227	719.96	481.29	1
228	718.82	480.72	1
229	717.1	479.01	1
230	717.1	479.01	1
231	715.96	477.86	1
232	714.24	477.86	1
233	713.1	477.29	1
234	713.1	477.29	1
235	712.52	477.29	1
236	710.81	476.72	1
237	710.81	476.72	1
238	709.09	475.57	1
239	707.38	475.57	1
240	706.8	475	1
241	701.65	473.86	1
242	701.08	473.86	1
243	700.51	473.86	1
244	699.37	473.86	1
245	699.37	473.86	1
246	699.37	473.86	1
247	699.37	473.86	1
248	698.79	473.86	1
249	697.65	473.86	1
250	697.08	473.86	1
251	695.93	473.86	1
252	693.65	473.86	1
253	691.93	473.86	1
254	691.93	473.86	1
255	691.93	473.86	1
256	691.36	473.86	1
257	689.64	473.86	1
258	689.07	474.43	1
259	687.35	474.43	1
260	685.64	474.43	1
261	685.07	473.86	1
262	685.07	473.86	1
263	681.63	473.86	1
264	673.63	473.86	1
265	671.91	474.43	1
266	670.76	474.43	1
267	670.76	474.43	1
268	670.76	474.43	1
269	670.76	474.43	1
270	670.76	474.43	1
271	670.76	474.43	1
272	670.76	474.43	1
273	670.76	474.43	1
274	670.19	474.43	1
275	668.48	474.43	1
276	666.76	474.43	1
277	665.04	474.43	1
278	665.04	474.43	1
279	665.04	474.43	1
280	665.04	474.43	1
281	665.04	474.43	1
282	665.04	474.43	1
283	665.04	473.86	1
284	664.47	473.86	1
285	664.47	473.86	1
286	664.47	473.86	1
287	663.9	473.86	1
288	662.76	473.29	1
289	662.18	473.29	1
290	659.32	471.57	1
291	658.75	471	1
292	658.18	471	1
293	657.04	471	1
294	654.75	469.28	1
295	653.03	468.14	1
296	653.03	468.14	1
297	653.03	468.14	1
298	651.32	468.14	1
299	648.46	468.14	1
300	648.46	468.14	1
301	648.46	468.14	1
302	648.46	468.14	1
303	643.88	467.57	1
304	643.31	467.57	1
305	643.31	467.57	1
306	642.74	467.57	1
307	642.74	467.57	1
308	642.74	467.57	1
309	641.59	467.57	1
310	641.02	466.42	1
311	641.02	466.42	1
312	641.02	466.42	1
313	639.3	466.42	1
314	637.01	465.85	1
315	635.3	465.85	1
316	633.01	465.28	1
317	631.29	464.13	1
318	629.58	464.13	1
319	627.86	463.56	1
320	625.57	461.85	1
321	622.71	461.27	1
322	622.71	461.27	1
323	622.14	461.27	1
324	622.14	461.27	1
325	622.14	461.27	1
326	622.14	461.27	1
327	622.14	461.27	1
328	622.14	460.13	1
329	622.14	460.13	1
330	621.57	460.13	1
331	620.43	458.41	1
332	619.85	457.84	1
333	619.85	456.7	1
334	618.71	456.7	1
335	618.71	456.7	1
336	617.57	456.12	1
337	616.42	455.55	1
338	616.42	455.55	1
339	615.85	455.55	1
340	615.85	455.55	1
341	615.85	455.55	1
342	615.85	455.55	1
343	614.71	454.41	1
344	614.13	454.41	1
345	612.42	453.84	1
346	610.7	452.69	1
347	610.7	452.69	1
348	610.13	452.69	1
349	608.99	452.69	1
350	608.99	452.12	1
351	608.41	452.12	1
352	606.13	450.98	1
353	602.69	450.4	1
354	600.98	449.83	1
355	600.98	449.83	1
356	600.98	449.83	1
357	600.4	449.83	1
358	598.69	448.69	1
359	596.97	448.69	1
360	596.4	448.69	1
361	596.4	448.69	1
362	596.4	448.12	1
363	595.26	448.12	1
364	594.68	448.12	1
365	593.54	448.12	1
366	592.97	446.97	1
367	588.96	446.4	1
368	587.25	446.4	1
369	587.25	446.4	1
370	587.25	446.4	1
371	587.25	446.4	1
372	587.25	445.26	1
373	585.53	445.26	1
374	584.96	444.68	1
375	583.82	444.68	1
376	583.24	444.11	1
377	583.24	444.11	1
378	583.24	444.11	1
379	581.53	441.25	1
380	581.53	441.25	1
381	580.96	440.68	1
382	580.96	440.68	1
383	580.96	440.11	1
384	580.96	440.11	1
385	580.96	440.11	1
386	581.53	438.39	1
387	582.67	437.25	1
388	582.67	437.25	1
389	582.67	436.68	1
390	582.67	436.68	1
391	582.67	436.68	1
392	582.67	436.68	1
393	580.96	436.68	1
394	579.24	436.68	1
395	579.24	436.68	1
396	578.1	435.53	1
397	578.1	435.53	1
398	576.38	434.96	1
399	575.24	434.96	1
400	573.52	433.24	1
401	573.52	432.67	1
402	572.38	429.81	1
403	572.38	427.52	1
404	572.38	425.81	1
405	572.38	425.81	1
406	572.38	425.81	1
407	571.8	425.81	1
408	570.09	424.66	1
409	564.94	420.09	1
410	564.37	419.51	1
411	564.37	419.51	1
412	564.37	419.51	1
413	564.37	419.51	1
414	564.37	419.51	1
415	567.8	418.94	1
