2	964.79	539.07	1
3	964.79	539.07	1
4	964.79	539.07	1
5	964.79	539.07	1
6	964.22	539.64	1
7	964.22	539.64	1
8	964.22	540.21	1
9	964.79	541.36	1
10	964.79	541.36	1
11	964.79	541.36	1
12	964.79	541.36	1
13	963.07	543.07	1
14	963.07	543.65	1
15	963.07	543.65	1
16	962.5	543.65	1
17	962.5	544.79	1
18	964.79	545.93	1
19	967.65	547.08	1
20	967.65	547.08	1
21	968.22	547.08	1
22	968.22	547.65	1
23	968.22	547.65	1
24	970.51	549.94	1
25	970.51	549.94	1
26	970.51	549.94	1
27	970.51	549.94	1
28	970.51	551.08	1
29	970.51	551.08	1
30	970.51	551.08	1
31	970.51	551.08	1
32	970.51	551.08	1
33	970.51	551.08	1
34	975.09	555.66	1
35	975.66	557.38	1
36	976.23	560.24	1
37	977.38	561.38	1
38	977.95	562.52	1
39	979.09	563.1	1
40	980.81	565.96	1
41	980.81	566.53	1
42	984.81	569.96	1
43	987.1	570.53	1
44	987.67	571.1	1
45	988.82	572.25	1
46	989.39	572.25	1
47	989.39	572.25	1
48	991.1	572.82	1
49	991.1	572.82	1
50	991.1	572.82	1
51	991.1	572.82	1
52	992.82	572.82	1
53	992.82	572.82	1
54	995.11	572.82	1
55	998.54	571.68	1
56	1000.8	571.1	1
57	1002.5	569.39	1
58	1006.5	567.67	1
59	1006.5	567.67	1
60	1006.5	567.67	1
61	1008.8	566.53	1
62	1014	563.1	1
63	1014.6	563.1	1
64	1015.7	561.38	1
65	1018	555.09	1
66	1018	555.09	1
67	1018	555.09	1
68	1018	555.09	1
69	1018	555.09	1
70	1018	553.94	1
71	1018	549.94	1
72	1018	549.94	1
73	1018	549.94	1
74	1019.7	548.22	1
75	1021.4	545.93	1
76	1022	545.93	1
77	1023.7	543.65	1
78	1023.7	543.65	1
79	1023.7	541.93	1
80	1024.3	538.5	1
81	1024.3	535.07	1
82	1025.4	533.92	1
83	1024.9	528.2	1
84	1024.9	527.06	1
85	1023.1	522.48	1
86	1023.1	521.34	1
87	1023.1	516.76	1
88	1023.1	515.62	1
89	1027.1	513.9	1
90	1027.7	513.9	1
91	1027.7	513.9	1
92	1027.7	509.9	1
93	1027.7	507.61	1
94	1027.7	507.04	1
95	1027.7	505.89	1
96	1027.7	503.03	1
97	1027.7	503.03	1
98	1027.7	503.03	1
99	1024.9	496.17	1
100	1024.9	495.6	1
101	1023.1	491.59	1
102	1022	485.87	1
103	1022	485.87	1
104	1020.3	482.44	1
105	1018	479.01	1
106	1014.6	474.43	1
107	1013.4	472.71	1
108	1012.8	471	1
109	1012.8	470.43	1
110	1011.1	467.57	1
111	1010.6	466.42	1
112	1010.6	463.56	1
113	1009.4	461.85	1
114	1008.8	459.56	1
115	1008.8	459.56	1
116	1007.1	455.55	1
117	1007.1	455.55	1
118	1004.8	451.55	1
119	1004.8	451.55	1
120	1003.7	450.98	1
121	1000.8	448.12	1
122	997.4	445.26	1
123	996.82	444.11	1
124	996.82	443.54	1
125	995.68	441.82	1
126	995.11	438.39	1
127	993.39	435.53	1
128	992.25	432.67	1
129	989.39	428.67	1
130	986.53	425.24	1
131	985.38	422.38	1
132	983.67	418.94	1
133	983.67	418.94	1
134	983.67	418.94	1
135	982.52	414.94	1
136	981.95	414.37	1
137	981.95	411.51	1
138	981.38	409.22	1
139	980.24	409.22	1
140	977.95	404.07	1
141	975.66	400.07	1
142	975.66	399.49	1
143	973.94	397.78	1
144	972.23	395.49	1
145	972.23	395.49	1
146	971.08	394.35	1
147	970.51	391.49	1
148	970.51	390.34	1
149	970.51	390.34	1
150	970.51	387.48	1
151	970.51	386.34	1
152	970.51	382.33	1
153	970.51	378.9	1
154	970.51	376.61	1
155	970.51	374.32	1
156	970.51	372.04	1
157	969.94	369.18	1
158	969.94	367.46	1
159	968.79	366.89	1
160	968.79	362.31	1
161	968.79	362.31	1
162	968.79	361.17	1
163	967.08	355.45	1
164	965.36	351.44	1
165	964.22	349.15	1
166	963.07	345.72	1
167	962.5	341.72	1
168	961.36	339.43	1
169	961.36	335.43	1
170	961.36	332.57	1
171	961.36	331.99	1
172	961.36	329.71	1
173	961.36	327.99	1
174	961.36	324.56	1
175	961.36	322.84	1
176	961.36	322.27	1
177	961.36	319.98	1
178	961.36	318.26	1
179	961.36	314.83	1
180	961.36	313.12	1
181	961.36	310.26	1
182	961.36	310.26	1
183	961.93	307.4	1
184	961.93	307.4	1
185	961.93	304.54	1
186	961.36	301.68	1
187	961.36	301.1	1
188	961.36	298.82	1
189	960.79	297.67	1
190	959.07	297.67	1
191	952.78	291.38	1
192	952.78	291.38	1
193	951.06	287.95	1
194	951.06	286.23	1
195	949.92	285.66	1
196	948.77	283.37	1
197	947.63	280.51	1
198	947.63	277.65	1
199	947.63	275.93	1
200	948.2	271.93	1
201	948.2	269.07	1
202	948.2	268.5	1
203	948.2	268.5	1
204	947.06	265.07	1
205	945.91	265.07	1
206	944.77	263.35	1
207	943.05	260.49	1
208	941.34	257.63	1
209	940.19	256.49	1
210	939.05	253.05	1
211	937.9	250.76	1
212	935.62	247.33	1
213	934.47	245.62	1
214	932.18	242.18	1
215	932.18	242.18	1
216	932.18	242.18	1
217	932.18	242.18	1
218	932.18	242.18	1
219	932.18	242.18	1
220	932.18	242.18	1
221	932.18	242.18	1
222	930.47	241.04	1
223	928.18	237.61	1
224	926.46	234.18	1
225	925.89	231.89	1
226	924.18	229.6	1
227	923.6	227.88	1
228	922.46	226.17	1
229	921.89	224.45	1
230	920.17	222.16	1
231	918.46	218.73	1
232	916.74	215.87	1
233	915.02	212.44	1
234	913.31	210.72	1
235	913.31	210.72	1
236	913.31	210.15	1
237	912.74	207.29	1
238	912.16	205.57	1
239	911.02	204.43	1
240	910.45	203.29	1
241	908.16	201	1
242	905.3	198.71	1
243	903.58	195.28	1
244	901.29	192.99	1
245	899.58	189.56	1
246	897.86	187.27	1
247	897.86	186.12	1
248	897.86	186.12	1
249	897.86	186.12	1
250	898.43	186.12	1
251	900.72	186.12	1
252	900.72	186.12	1
253	901.87	184.41	1
254	901.87	183.26	1
255	901.87	179.83	1
256	900.72	179.26	1
257	899.58	176.4	1
258	899.01	174.68	1
259	897.86	174.11	1
260	897.86	172.4	1
261	897.29	170.11	1
262	896.72	168.39	1
263	896.72	167.82	1
264	895.57	166.1	1
265	895	164.39	1
266	892.14	160.96	1
267	891	158.67	1
268	889.28	156.95	1
269	889.28	156.38	1
270	887.57	152.95	1
271	886.99	152.38	1
272	886.99	151.23	1
273	886.99	150.66	1
274	885.28	148.94	1
275	885.28	147.8	1
276	883.56	147.23	1
277	882.42	145.51	1
278	881.85	144.94	1
279	881.27	144.94	1
280	879.56	143.22	1
281	877.84	142.65	1
282	876.7	140.93	1
283	876.12	139.79	1
284	874.41	138.07	1
285	873.84	137.5	1
286	872.12	135.21	1
287	871.55	131.78	1
288	869.83	130.07	1
289	868.69	128.35	1
290	868.12	127.78	1
291	866.97	127.21	1
292	865.83	124.35	1
293	864.11	122.06	1
294	862.4	121.49	1
295	860.68	118.62	1
296	858.96	116.91	1
297	858.96	116.91	1
298	858.96	116.91	1
299	858.96	116.91	1
300	858.96	116.91	1
301	858.39	116.91	1
302	857.25	116.91	1
303	855.53	115.76	1
304	852.67	112.9	1
305	850.96	112.33	1
306	850.38	111.19	1
307	848.67	110.62	1
308	847.52	110.62	1
309	847.52	110.62	1
310	846.95	110.62	1
311	846.95	110.62	1
312	846.95	110.62	1
313	846.95	110.62	1
314	849.81	110.62	1
315	849.81	110.62	1
