2	966.51	521.34	1
3	966.51	521.34	1
4	966.51	521.34	1
5	965.36	521.91	1
6	964.79	528.77	1
7	964.79	529.35	1
8	964.79	530.49	1
9	964.79	531.06	1
10	960.79	533.35	1
11	959.64	534.49	1
12	959.64	534.49	1
13	956.78	536.21	1
14	956.78	536.21	1
15	956.78	536.21	1
16	956.78	536.21	1
17	956.78	536.21	1
18	955.07	536.78	1
19	953.92	537.93	1
20	951.63	538.5	1
21	949.35	540.21	1
22	949.35	540.21	1
23	948.2	540.21	1
24	945.34	542.5	1
25	945.34	542.5	1
26	938.48	546.51	1
27	938.48	546.51	1
28	937.9	547.65	1
29	934.47	548.79	1
30	930.47	550.51	1
31	928.18	551.65	1
32	927.04	551.65	1
33	923.03	552.23	1
34	920.74	553.37	1
35	919.03	553.94	1
36	918.46	554.51	1
37	918.46	554.51	1
38	917.31	555.66	1
39	917.31	555.66	1
40	917.31	555.66	1
41	917.31	555.66	1
42	912.74	557.38	1
43	909.88	558.52	1
44	909.88	558.52	1
45	909.88	558.52	1
46	907.59	560.24	1
47	905.87	561.38	1
48	905.87	561.38	1
49	905.87	561.38	1
50	903.01	563.1	1
51	903.01	563.1	1
52	901.29	563.67	1
53	899.01	565.38	1
54	899.01	565.38	1
55	897.29	565.96	1
56	892.14	569.39	1
57	890.43	569.96	1
58	889.28	571.1	1
59	885.85	572.82	1
60	884.13	574.54	1
61	880.7	575.11	1
62	880.13	575.68	1
63	878.41	576.82	1
64	876.12	577.4	1
65	874.98	578.54	1
66	874.41	579.11	1
67	873.26	579.11	1
68	872.69	579.68	1
69	872.12	579.68	1
70	870.98	580.83	1
71	870.98	580.83	1
72	866.4	582.54	1
73	864.68	582.54	1
74	857.25	582.54	1
75	855.53	582.54	1
76	855.53	582.54	1
77	853.24	582.54	1
78	851.53	583.12	1
79	849.81	583.12	1
80	846.95	584.83	1
81	839.51	586.55	1
82	837.8	587.12	1
83	836.65	587.12	1
84	836.65	587.12	1
85	832.08	587.12	1
86	830.36	587.12	1
87	830.36	587.12	1
88	829.79	587.12	1
89	826.93	587.12	1
90	825.79	587.12	1
91	824.64	587.12	1
92	821.21	587.12	1
93	820.64	587.12	1
94	818.92	587.12	1
95	816.63	587.12	1
96	814.35	585.98	1
97	812.63	585.98	1
98	810.91	585.98	1
99	810.34	585.98	1
100	807.48	585.4	1
101	805.76	585.4	1
102	804.62	584.83	1
103	801.76	584.83	1
104	801.19	584.83	1
105	799.47	583.69	1
106	797.76	583.69	1
107	796.04	583.12	1
108	789.18	577.97	1
109	785.74	575.11	1
110	784.6	575.11	1
111	784.6	575.11	1
112	782.31	573.96	1
113	780.6	573.96	1
114	780.02	573.39	1
115	779.45	573.39	1
116	777.74	571.68	1
117	777.74	571.68	1
118	777.74	571.68	1
119	776.59	570.53	1
120	776.59	570.53	1
121	774.3	569.39	1
122	772.59	567.67	1
123	770.3	565.96	1
124	769.15	564.81	1
125	768.58	564.24	1
126	766.29	562.52	1
127	761.15	560.24	1
128	761.15	560.24	1
129	761.15	560.24	1
130	760.57	560.24	1
131	760.57	560.24	1
132	756.57	557.95	1
133	753.71	556.23	1
134	749.71	553.94	1
135	747.99	552.8	1
136	747.99	552.8	1
137	747.42	552.23	1
138	746.85	549.37	1
139	745.13	548.22	1
140	743.99	547.08	1
141	743.99	547.08	1
142	743.41	547.08	1
143	739.98	543.65	1
144	737.69	541.36	1
145	737.12	540.79	1
146	735.4	539.64	1
147	734.26	539.64	1
148	734.26	539.64	1
149	733.69	538.5	1
150	733.69	537.35	1
151	731.97	536.78	1
152	731.97	535.64	1
153	729.68	532.78	1
154	727.97	531.63	1
155	727.97	531.63	1
156	727.97	531.63	1
157	727.97	531.63	1
158	723.96	527.63	1
159	720.53	525.34	1
160	719.96	524.2	1
161	716.53	521.34	1
162	716.53	521.34	1
163	715.96	520.19	1
164	714.24	517.9	1
165	711.38	514.47	1
166	710.24	512.18	1
167	709.09	511.61	1
168	709.09	509.9	1
169	708.52	508.75	1
170	707.38	507.04	1
171	706.23	505.89	1
172	705.09	504.75	1
173	704.51	503.03	1
174	702.8	500.74	1
175	701.65	499.03	1
176	701.65	498.46	1
177	700.51	496.17	1
178	699.37	494.45	1
179	698.79	493.31	1
180	698.79	493.31	1
181	697.08	491.59	1
182	695.36	489.3	1
183	694.79	487.59	1
184	693.65	485.87	1
185	691.93	481.87	1
186	691.36	481.29	1
187	691.36	480.72	1
188	690.21	480.72	1
189	689.07	477.29	1
190	687.93	475.57	1
191	687.35	473.86	1
192	685.64	471.57	1
193	685.64	471.57	1
194	685.64	470.43	1
195	685.64	469.85	1
196	685.07	469.28	1
197	683.35	464.71	1
198	681.63	462.42	1
199	681.63	461.85	1
200	681.63	461.85	1
201	680.49	460.13	1
202	679.92	459.56	1
203	679.92	459.56	1
204	679.92	459.56	1
205	679.92	458.41	1
206	679.35	456.7	1
207	679.35	456.12	1
208	679.35	454.98	1
209	679.35	454.98	1
210	676.49	448.69	1
211	674.2	444.11	1
212	673.63	442.4	1
213	673.63	438.96	1
214	673.63	434.96	1
215	673.63	432.67	1
216	675.34	429.24	1
217	675.34	427.52	1
218	675.91	425.24	1
219	677.06	423.52	1
220	677.06	423.52	1
221	677.63	421.8	1
222	678.77	421.23	1
223	678.77	418.37	1
224	678.2	417.8	1
225	677.63	412.08	1
226	675.91	408.07	1
227	675.91	408.07	1
228	675.91	408.07	1
229	675.91	408.07	1
230	675.91	407.5	1
231	675.91	404.64	1
232	675.91	402.93	1
233	675.91	400.07	1
234	675.91	400.07	1
235	675.91	400.07	1
236	675.91	398.35	1
237	675.91	396.63	1
238	675.91	393.2	1
239	677.06	392.63	1
240	677.06	390.91	1
241	677.63	388.62	1
242	677.63	386.91	1
243	678.77	386.34	1
244	678.77	386.34	1
245	679.35	382.9	1
246	681.06	381.76	1
247	682.78	379.47	1
248	683.35	377.18	1
249	684.49	375.47	1
250	685.07	371.46	1
251	685.07	369.18	1
252	685.07	369.18	1
253	685.07	369.18	1
254	686.78	365.17	1
255	686.78	364.03	1
256	686.78	362.31	1
257	686.78	359.45	1
258	686.78	359.45	1
259	687.35	357.74	1
260	687.35	354.88	1
261	688.5	354.3	1
262	688.5	352.01	1
263	688.5	348.01	1
264	688.5	348.01	1
265	688.5	346.87	1
266	688.5	345.15	1
267	688.5	345.15	1
268	688.5	345.15	1
269	688.5	345.15	1
270	688.5	345.15	1
271	688.5	338.29	1
272	687.93	336.57	1
273	687.35	329.71	1
274	687.35	327.42	1
275	687.35	326.85	1
276	687.35	325.7	1
277	687.35	325.13	1
278	687.35	323.99	1
279	687.35	322.84	1
280	687.35	321.7	1
281	686.21	319.98	1
282	686.21	317.69	1
283	686.21	317.12	1
284	686.21	317.12	1
285	687.35	314.26	1
286	687.35	314.26	1
287	687.35	313.12	1
288	689.07	307.97	1
289	689.07	307.97	1
290	689.07	307.4	1
291	689.07	302.25	1
292	689.07	300.53	1
293	689.07	300.53	1
294	689.07	300.53	1
295	689.64	298.82	1
296	689.64	298.24	1
297	690.79	295.96	1
298	690.79	292.52	1
299	690.79	290.81	1
300	690.79	290.24	1
301	690.79	290.24	1
302	690.79	290.24	1
303	690.79	288.52	1
304	690.79	286.23	1
305	690.79	286.23	1
306	691.36	284.51	1
307	691.36	281.65	1
308	691.36	280.51	1
309	691.36	279.37	1
310	691.36	275.36	1
311	691.36	274.79	1
312	691.36	274.79	1
313	691.36	273.07	1
314	691.36	273.07	1
315	691.36	269.64	1
316	691.36	269.07	1
317	691.36	269.07	1
318	691.36	265.64	1
319	691.36	265.07	1
320	691.36	265.07	1
321	691.36	262.21	1
322	691.36	261.06	1
323	691.36	257.63	1
324	691.36	257.63	1
325	691.36	256.49	1
326	691.36	255.34	1
327	691.36	254.2	1
328	691.36	254.2	1
329	691.36	254.2	1
330	692.5	248.48	1
331	694.22	245.04	1
332	694.79	243.9	1
333	695.36	242.18	1
334	696.51	240.47	1
335	697.08	239.9	1
336	697.08	238.75	1
337	698.79	235.32	1
338	698.79	235.32	1
339	700.51	231.32	1
