2	962.5	533.35	1
3	966.51	532.21	1
4	968.22	531.06	1
5	969.94	530.49	1
6	969.94	530.49	1
7	970.51	530.49	1
8	970.51	530.49	1
9	970.51	529.35	1
10	970.51	529.35	1
11	970.51	529.35	1
12	970.51	529.35	1
13	970.51	529.35	1
14	970.51	529.35	1
15	971.08	529.35	1
16	972.8	528.77	1
17	976.23	526.49	1
18	976.23	526.49	1
19	976.23	526.49	1
20	976.23	526.49	1
21	976.23	525.34	1
22	976.8	523.62	1
23	976.8	519.62	1
24	976.8	519.62	1
25	976.8	517.9	1
26	975.66	513.9	1
27	975.66	513.9	1
28	975.66	513.33	1
29	975.66	511.61	1
30	975.66	511.61	1
31	975.66	511.61	1
32	975.66	511.61	1
33	975.66	511.61	1
34	975.66	511.04	1
35	975.66	509.9	1
36	975.66	509.32	1
37	975.66	509.32	1
38	976.23	505.89	1
39	976.23	505.89	1
40	976.23	505.89	1
41	979.66	504.18	1
42	981.95	499.6	1
43	981.95	497.88	1
44	984.24	493.88	1
45	988.24	491.59	1
46	989.96	488.73	1
47	990.53	487.01	1
48	991.68	484.73	1
49	991.68	484.73	1
50	992.25	482.44	1
51	992.25	480.72	1
52	992.25	480.15	1
53	992.25	478.43	1
54	992.25	476.72	1
55	992.25	476.15	1
56	992.25	476.15	1
57	993.96	471.57	1
58	995.11	470.43	1
59	996.25	468.71	1
60	996.25	468.71	1
61	996.25	468.71	1
62	996.25	468.71	1
63	996.25	468.71	1
64	996.25	468.71	1
65	996.25	468.71	1
66	996.25	468.71	1
67	997.4	468.71	1
68	997.4	468.71	1
69	997.4	468.71	1
70	997.4	467.57	1
71	997.97	463.56	1
72	997.97	463.56	1
73	997.97	463.56	1
74	997.97	461.27	1
75	997.97	461.27	1
76	999.68	459.56	1
77	999.68	459.56	1
78	999.68	458.99	1
79	999.68	457.27	1
80	999.68	457.27	1
81	999.68	456.12	1
82	999.68	454.98	1
83	999.68	454.98	1
84	999.68	453.84	1
85	999.68	451.55	1
86	999.68	450.4	1
87	999.68	445.83	1
88	999.68	444.68	1
89	999.68	444.68	1
90	999.68	443.54	1
91	999.68	442.4	1
92	999.68	440.68	1
93	999.68	440.68	1
94	999.68	440.68	1
95	999.68	440.68	1
96	999.68	440.68	1
97	998.54	437.82	1
98	997.97	436.68	1
99	995.68	432.67	1
100	994.54	430.96	1
101	993.96	430.38	1
102	992.82	429.24	1
103	992.82	426.38	1
104	993.39	423.52	1
105	993.39	422.38	1
106	993.39	418.94	1
107	993.39	418.94	1
108	995.68	417.23	1
109	995.68	417.23	1
110	995.68	416.65	1
111	995.68	414.94	1
112	995.68	413.79	1
113	995.68	410.93	1
114	994.54	405.21	1
115	994.54	405.21	1
116	993.96	404.07	1
117	993.96	403.5	1
118	993.96	403.5	1
119	993.96	402.93	1
120	992.82	402.93	1
121	992.82	402.93	1
122	992.82	402.93	1
123	992.82	401.78	1
124	991.1	396.06	1
125	991.1	396.06	1
126	991.1	394.35	1
127	990.53	392.63	1
128	990.53	392.06	1
129	990.53	390.34	1
130	989.96	386.91	1
131	988.82	384.62	1
132	988.82	384.05	1
133	988.82	384.05	1
134	988.82	384.05	1
135	988.24	384.05	1
136	987.1	382.33	1
137	984.24	378.9	1
138	984.24	378.33	1
139	984.24	377.18	1
140	984.24	374.9	1
141	984.24	374.32	1
142	984.24	374.32	1
143	984.24	373.18	1
144	984.24	370.32	1
145	984.24	370.32	1
146	984.24	370.32	1
147	985.38	362.88	1
148	985.38	362.88	1
149	985.38	362.88	1
150	985.38	362.88	1
151	985.38	361.74	1
152	985.38	361.17	1
153	984.81	359.45	1
154	984.24	358.88	1
155	983.1	356.02	1
156	983.1	355.45	1
157	983.1	355.45	1
158	982.52	353.73	1
159	982.52	353.16	1
160	981.38	351.44	1
161	980.81	348.01	1
162	980.81	345.72	1
163	980.24	342.29	1
164	980.24	341.72	1
165	980.24	340	1
166	980.24	339.43	1
167	979.09	336.57	1
168	979.09	334.28	1
169	979.09	334.28	1
170	979.09	334.28	1
171	979.09	334.28	1
172	979.09	334.28	1
173	979.09	333.71	1
174	980.24	330.28	1
175	980.81	327.99	1
176	981.95	326.27	1
177	981.95	324.56	1
178	981.95	324.56	1
179	981.95	324.56	1
180	981.95	323.99	1
181	981.95	323.99	1
182	982.52	321.12	1
183	983.67	317.12	1
184	985.38	313.69	1
185	986.53	309.68	1
186	986.53	308.54	1
187	986.53	308.54	1
188	986.53	307.4	1
189	986.53	305.11	1
190	986.53	305.11	1
191	986.53	303.96	1
192	986.53	303.39	1
193	986.53	302.82	1
194	986.53	301.68	1
195	986.53	301.1	1
196	987.67	298.24	1
197	987.67	297.67	1
198	987.67	297.67	1
199	987.67	297.1	1
200	987.1	295.38	1
201	986.53	293.67	1
202	986.53	293.1	1
203	986.53	291.38	1
204	986.53	291.38	1
205	985.96	289.66	1
206	985.96	287.95	1
207	984.81	287.38	1
208	982.52	282.23	1
209	982.52	279.94	1
210	981.38	277.08	1
211	980.81	276.51	1
212	980.81	275.93	1
213	980.81	274.79	1
214	980.81	272.5	1
215	980.81	270.21	1
216	980.24	267.35	1
217	980.24	266.78	1
218	980.24	265.07	1
219	980.24	262.78	1
220	980.24	261.06	1
221	980.24	260.49	1
222	980.24	260.49	1
223	980.24	260.49	1
224	979.09	257.63	1
225	979.09	257.06	1
226	979.09	257.06	1
227	979.09	257.06	1
228	982.52	255.34	1
229	982.52	255.34	1
230	982.52	255.34	1
231	982.52	254.77	1
232	982.52	251.34	1
233	982.52	250.76	1
234	982.52	249.05	1
235	982.52	245.62	1
236	982.52	243.9	1
237	983.67	241.61	1
238	983.67	241.61	1
239	983.67	241.61	1
240	983.67	241.61	1
241	983.67	241.61	1
242	985.38	239.32	1
243	985.38	237.61	1
244	985.38	236.46	1
245	985.38	236.46	1
246	985.38	235.89	1
247	985.38	235.32	1
248	985.38	233.6	1
249	985.38	230.17	1
250	985.38	228.46	1
251	985.38	228.46	1
252	985.96	226.74	1
253	986.53	226.74	1
254	987.67	224.45	1
255	987.67	223.88	1
256	987.67	223.88	1
257	987.67	223.88	1
258	988.24	222.74	1
259	989.39	219.88	1
260	989.39	218.16	1
261	989.96	216.44	1
262	989.96	214.15	1
263	989.96	213.01	1
264	989.96	213.01	1
265	989.96	212.44	1
266	990.53	209.01	1
267	990.53	208.43	1
268	990.53	208.43	1
269	990.53	208.43	1
270	992.25	205	1
271	993.96	203.29	1
272	993.96	203.29	1
273	993.96	201.57	1
274	993.96	199.28	1
275	993.96	198.71	1
276	992.82	197.57	1
277	992.82	197.57	1
278	992.25	196.99	1
279	992.25	195.85	1
280	991.1	191.85	1
281	991.1	191.27	1
282	991.1	191.27	1
283	991.1	191.27	1
284	991.1	191.27	1
285	989.96	188.41	1
286	988.82	187.27	1
287	988.82	187.27	1
288	988.82	187.27	1
289	988.82	186.12	1
290	988.82	183.84	1
291	988.82	183.84	1
292	988.82	182.69	1
293	988.24	182.69	1
294	988.24	182.12	1
295	988.24	180.4	1
296	988.24	180.4	1
297	988.24	179.83	1
298	987.1	177.54	1
299	987.1	177.54	1
300	987.1	176.4	1
301	987.1	174.11	1
302	987.1	172.4	1
303	987.1	172.4	1
304	987.1	172.4	1
305	986.53	170.11	1
306	986.53	170.11	1
307	986.53	170.11	1
308	985.96	166.68	1
309	985.96	163.24	1
310	985.96	162.1	1
311	985.96	162.1	1
312	985.96	160.38	1
313	984.81	158.67	1
314	984.81	156.95	1
315	984.81	155.24	1
316	985.96	153.52	1
317	985.96	153.52	1
318	986.53	152.95	1
319	986.53	151.23	1
320	987.67	148.94	1
321	987.67	147.8	1
322	987.67	147.8	1
323	987.67	147.23	1
324	987.67	146.08	1
325	987.67	144.94	1
326	988.24	143.79	1
327	988.24	142.08	1
328	989.39	141.51	1
329	989.39	141.51	1
330	989.39	140.93	1
331	989.39	139.79	1
332	989.39	138.07	1
333	989.39	137.5	1
334	989.39	136.36	1
335	989.39	135.21	1
336	989.39	132.35	1
