1	954.49	517.33	1
2	953.35	517.9	1
3	953.35	517.9	1
4	953.35	517.9	1
5	952.21	519.05	1
6	952.21	520.19	1
7	952.21	520.19	1
8	952.21	520.19	1
9	952.21	520.19	1
10	952.21	520.19	1
11	952.21	520.19	1
12	952.21	520.19	1
13	952.21	520.19	1
14	954.49	519.62	1
15	954.49	519.05	1
16	956.78	519.05	1
17	956.78	519.05	1
18	956.78	519.05	1
19	956.78	519.05	1
20	956.78	519.05	1
21	956.21	520.19	1
22	956.21	522.48	1
23	956.21	522.48	1
24	956.21	522.48	1
25	956.78	522.48	1
26	957.35	522.48	1
27	957.35	522.48	1
28	957.35	522.48	1
29	957.35	522.48	1
30	958.5	522.48	1
31	958.5	522.48	1
32	958.5	522.48	1
33	958.5	522.48	1
34	958.5	522.48	1
35	958.5	522.48	1
36	958.5	522.48	1
37	958.5	522.48	1
38	958.5	522.48	1
39	958.5	522.48	1
40	957.93	522.48	1
41	957.35	522.48	1
42	955.64	522.48	1
43	955.64	522.48	1
44	955.64	522.48	1
45	955.07	522.48	1
46	955.07	520.76	1
47	955.07	520.76	1
48	955.64	519.62	1
49	956.78	519.62	1
50	957.35	519.05	1
51	958.5	519.05	1
52	958.5	517.33	1
53	957.93	515.04	1
54	957.93	511.61	1
55	957.35	508.75	1
56	957.35	505.32	1
57	957.35	500.17	1
58	958.5	498.46	1
59	961.36	497.31	1
60	962.5	496.17	1
61	963.07	495.6	1
62	965.36	493.31	1
63	967.08	491.59	1
64	971.08	486.44	1
65	971.08	486.44	1
66	972.8	486.44	1
67	980.24	484.15	1
68	980.81	483.01	1
69	985.38	481.87	1
70	985.38	481.87	1
71	985.38	481.87	1
72	989.39	480.15	1
73	989.39	480.15	1
74	989.39	479.01	1
75	995.68	477.29	1
76	995.68	477.29	1
77	995.68	477.29	1
78	995.68	477.29	1
79	996.25	477.29	1
80	1006.5	477.86	1
81	1006.5	477.86	1
82	1006.5	477.86	1
83	1010.6	478.43	1
84	1011.1	478.43	1
85	1014.6	477.29	1
86	1014.6	477.29	1
87	1017.4	476.72	1
88	1017.4	476.15	1
89	1017.4	476.15	1
90	1017.4	476.15	1
91	1017.4	476.15	1
92	1020.3	476.15	1
93	1022	476.15	1
94	1027.7	476.72	1
95	1032.3	477.86	1
96	1034	478.43	1
97	1035.7	478.43	1
98	1041.4	479.58	1
99	1043.2	480.15	1
100	1043.2	480.15	1
101	1043.7	481.29	1
102	1048.3	480.15	1
103	1048.3	480.15	1
104	1049.5	480.15	1
105	1050	480.15	1
106	1052.9	479.01	1
107	1053.5	479.01	1
108	1053.5	479.01	1
109	1055.7	479.01	1
110	1061.5	479.58	1
111	1063.2	479.58	1
112	1066.6	480.15	1
113	1067.2	481.29	1
114	1067.2	481.29	1
115	1067.2	481.29	1
116	1070.6	481.87	1
117	1071.2	481.87	1
118	1074	482.44	1
119	1075.2	483.58	1
120	1076.3	483.58	1
121	1082.1	484.15	1
122	1082.6	484.15	1
123	1088.3	485.3	1
124	1089.5	485.3	1
125	1089.5	485.3	1
126	1092.4	485.87	1
127	1099.8	489.3	1
128	1099.8	489.3	1
129	1102.1	489.88	1
130	1104.9	491.59	1
131	1107.2	492.74	1
132	1107.2	493.31	1
133	1113.5	493.31	1
134	1114.7	493.31	1
135	1118.7	492.16	1
136	1119.2	492.16	1
137	1120.4	492.16	1
138	1122.7	491.59	1
139	1125	491.59	1
140	1125	490.45	1
141	1126.7	490.45	1
142	1129	490.45	1
143	1129	490.45	1
144	1130.7	490.45	1
145	1134.1	489.88	1
146	1134.7	489.88	1
147	1137.5	489.88	1
148	1138.1	489.88	1
149	1142.1	489.88	1
150	1142.1	489.88	1
151	1142.1	489.88	1
152	1142.7	489.88	1
153	1143.8	489.88	1
154	1147.8	488.73	1
155	1149.6	488.16	1
156	1149.6	488.16	1
157	1157	487.59	1
158	1157	487.59	1
159	1157	487.59	1
160	1162.7	486.44	1
161	1163.9	486.44	1
162	1169	488.16	1
163	1171.3	489.3	1
164	1172.4	489.3	1
165	1172.4	489.3	1
166	1174.7	489.88	1
167	1178.7	491.02	1
168	1182.7	491.59	1
169	1186.7	491.59	1
170	1187.9	491.59	1
171	1187.9	491.59	1
172	1187.9	491.59	1
173	1188.5	491.59	1
174	1190.2	491.59	1
175	1190.2	491.59	1
176	1192.5	491.59	1
177	1193.6	491.59	1
178	1194.2	491.59	1
179	1197.6	492.74	1
180	1198.2	492.74	1
181	1203.9	493.88	1
182	1205.6	493.88	1
183	1206.2	493.88	1
184	1211.9	495.6	1
185	1213.6	496.74	1
186	1217.1	497.31	1
187	1218.8	497.31	1
188	1218.8	497.31	1
189	1220.5	497.88	1
190	1221.6	499.03	1
191	1221.6	499.03	1
192	1227.4	499.6	1
193	1230.2	499.6	1
194	1230.8	499.6	1
195	1233.1	499.6	1
196	1234.2	499.6	1
197	1234.8	499.6	1
198	1235.9	499.6	1
199	1242.2	501.32	1
200	1246.2	502.46	1
201	1249.7	503.03	1
202	1249.7	503.03	1
203	1257.1	503.03	1
204	1257.1	503.03	1
205	1258.2	503.03	1
206	1259.4	503.03	1
207	1261.7	503.6	1
208	1264	503.6	1
209	1267.4	504.75	1
210	1269.7	505.32	1
211	1272.5	505.32	1
212	1273.1	506.46	1
213	1273.7	506.46	1
214	1274.8	506.46	1
215	1276.5	506.46	1
216	1277.1	506.46	1
217	1278.3	507.04	1
218	1279.4	507.04	1
219	1281.1	508.18	1
220	1282.3	508.75	1
221	1284.6	510.47	1
222	1285.1	510.47	1
223	1286.3	511.04	1
224	1286.3	511.04	1
225	1289.1	511.04	1
226	1296	512.76	1
227	1300	513.33	1
228	1305.7	514.47	1
229	1307.4	514.47	1
230	1308	514.47	1
231	1308	514.47	1
232	1309.2	514.47	1
233	1309.2	514.47	1
234	1309.2	514.47	1
235	1309.2	514.47	1
236	1309.7	514.47	1
237	1311.4	515.04	1
238	1312	516.19	1
239	1318.9	518.48	1
240	1318.9	518.48	1
241	1320.6	518.48	1
242	1325.2	519.05	1
243	1325.7	519.05	1
244	1330.9	520.19	1
245	1331.5	520.19	1
246	1331.5	520.19	1
247	1331.5	520.19	1
248	1331.5	520.19	1
249	1332.6	520.19	1
250	1332.6	520.19	1
251	1334.9	521.91	1
252	1334.9	521.91	1
253	1334.9	521.91	1
254	1338.9	521.34	1
255	1338.9	521.34	1
256	1344	519.62	1
257	1344.6	519.62	1
258	1345.8	519.62	1
259	1349.8	519.05	1
260	1349.8	519.05	1
261	1349.8	519.05	1
262	1354.3	518.48	1
263	1354.3	518.48	1
264	1354.3	518.48	1
265	1357.8	518.48	1
266	1361.2	518.48	1
267	1362.4	519.05	1
268	1365.8	520.19	1
269	1369.8	520.76	1
