2	948.2	535.07	1
3	948.2	535.07	1
4	951.06	534.49	1
5	951.63	534.49	1
6	951.63	534.49	1
7	953.35	533.92	1
8	953.35	533.92	1
9	953.35	533.92	1
10	956.21	532.78	1
11	956.21	532.78	1
12	958.5	532.21	1
13	958.5	532.21	1
14	958.5	532.21	1
15	958.5	532.21	1
16	958.5	532.21	1
17	958.5	531.63	1
18	958.5	531.63	1
19	960.21	531.63	1
20	960.79	530.49	1
21	960.79	530.49	1
22	960.79	530.49	1
23	960.79	530.49	1
24	960.79	530.49	1
25	960.79	530.49	1
26	959.07	530.49	1
27	957.93	530.49	1
28	957.93	530.49	1
29	957.93	530.49	1
30	958.5	530.49	1
31	958.5	530.49	1
32	958.5	530.49	1
33	958.5	530.49	1
34	959.07	530.49	1
35	959.07	530.49	1
36	959.07	530.49	1
37	959.07	530.49	1
38	959.07	530.49	1
39	960.21	530.49	1
40	965.93	530.49	1
41	966.51	530.49	1
42	968.79	530.49	1
43	972.23	531.06	1
44	973.94	531.06	1
45	975.66	531.06	1
46	976.8	531.06	1
47	976.8	531.06	1
48	980.24	531.06	1
49	984.24	531.06	1
50	984.24	531.06	1
51	984.24	531.63	1
52	987.1	531.63	1
53	989.96	531.63	1
54	993.96	531.63	1
55	999.68	530.49	1
56	1004.8	529.92	1
57	1004.8	529.92	1
58	1004.8	529.92	1
59	1010.6	528.2	1
60	1010.6	527.06	1
61	1010.6	527.06	1
62	1011.1	527.06	1
63	1013.4	526.49	1
64	1014.6	525.91	1
65	1019.1	524.2	1
66	1019.1	524.2	1
67	1019.1	524.2	1
68	1020.3	523.05	1
69	1023.7	523.05	1
70	1024.9	522.48	1
71	1026	522.48	1
72	1026	521.34	1
73	1027.7	521.34	1
74	1030	520.76	1
75	1031.7	520.76	1
76	1034.6	520.19	1
77	1043.7	517.33	1
78	1043.7	517.33	1
79	1046	516.76	1
80	1047.2	516.76	1
81	1049.5	516.19	1
82	1050	516.19	1
83	1051.7	515.04	1
84	1053.5	514.47	1
85	1054.6	514.47	1
86	1054.6	514.47	1
87	1055.2	514.47	1
88	1060.3	513.33	1
89	1063.2	511.61	1
90	1063.2	511.61	1
91	1063.2	511.61	1
92	1064.3	511.61	1
93	1066	511.61	1
94	1070.6	512.18	1
95	1072.9	512.18	1
96	1078.1	513.9	1
97	1081.5	514.47	1
98	1082.6	514.47	1
99	1084.3	514.47	1
100	1086.1	515.62	1
101	1088.3	515.62	1
102	1091.8	515.62	1
103	1093.5	516.19	1
104	1094.1	516.19	1
105	1095.8	516.19	1
106	1096.9	516.19	1
107	1100.9	516.19	1
108	1103.8	516.76	1
109	1106.7	517.9	1
110	1108.9	517.9	1
111	1110.7	518.48	1
112	1112.4	518.48	1
113	1113.5	519.62	1
114	1117	519.62	1
115	1118.7	520.19	1
116	1118.7	520.19	1
117	1119.2	520.19	1
118	1121	520.76	1
119	1125	522.48	1
120	1126.7	523.62	1
121	1126.7	523.62	1
122	1128.4	524.2	1
123	1130.1	525.34	1
124	1136.4	527.63	1
125	1139.8	528.2	1
126	1140.4	529.35	1
127	1146.1	531.63	1
128	1147.3	532.21	1
129	1147.3	532.21	1
130	1147.8	533.35	1
131	1154.7	532.21	1
132	1155.3	532.21	1
133	1159.9	530.49	1
134	1159.9	530.49	1
135	1159.9	530.49	1
136	1161.6	530.49	1
137	1161.6	530.49	1
138	1161.6	530.49	1
139	1169	531.63	1
140	1171.3	532.21	1
141	1175.9	533.35	1
142	1176.4	533.92	1
143	1177	533.92	1
144	1178.2	535.07	1
145	1179.9	535.07	1
146	1180.4	535.64	1
147	1183.9	537.35	1
148	1184.5	537.93	1
149	1185.6	537.93	1
150	1191.3	539.07	1
151	1193.6	539.64	1
152	1194.2	540.79	1
153	1201.6	541.93	1
154	1203.3	541.93	1
155	1205	543.07	1
156	1206.8	543.07	1
157	1207.3	543.07	1
158	1210.8	543.65	1
159	1213.1	543.65	1
160	1217.1	545.36	1
161	1217.6	545.36	1
162	1217.6	545.36	1
163	1222.2	545.36	1
164	1224.5	546.51	1
165	1226.2	546.51	1
166	1226.2	546.51	1
167	1228.5	547.65	1
168	1229.1	548.79	1
169	1231.9	549.37	1
170	1231.9	550.51	1
171	1233.1	551.08	1
172	1234.2	552.23	1
173	1235.9	553.37	1
174	1238.2	555.09	1
175	1239.9	556.23	1
176	1240.5	556.8	1
177	1240.5	556.8	1
178	1252	559.09	1
179	1254.2	560.24	1
180	1257.7	561.95	1
181	1260	562.52	1
182	1262.8	564.24	1
183	1262.8	564.24	1
184	1262.8	564.24	1
185	1263.4	564.24	1
186	1267.4	566.53	1
187	1267.4	566.53	1
188	1267.4	566.53	1
189	1267.4	566.53	1
190	1269.1	568.24	1
191	1271.4	569.96	1
192	1272.5	570.53	1
193	1274.3	572.25	1
194	1275.4	573.96	1
195	1277.1	574.54	1
196	1280	576.25	1
197	1282.3	577.97	1
198	1282.8	578.54	1
199	1284	578.54	1
200	1284.6	578.54	1
201	1284.6	578.54	1
202	1285.7	578.54	1
203	1286.3	578.54	1
204	1288.6	578.54	1
205	1289.7	578.54	1
206	1292.6	578.54	1
207	1294.3	578.54	1
208	1296.6	579.68	1
209	1300	581.4	1
210	1300	581.4	1
211	1301.7	581.97	1
212	1302.3	581.97	1
213	1304	581.97	1
214	1305.7	583.12	1
215	1309.2	584.26	1
216	1309.7	585.4	1
217	1311.4	585.98	1
218	1313.2	587.12	1
219	1319.5	591.7	1
220	1319.5	592.84	1
221	1321.2	592.84	1
222	1322.9	593.99	1
223	1323.5	593.99	1
224	1323.5	593.99	1
225	1324.6	593.99	1
226	1329.2	595.7	1
227	1332	596.85	1
228	1332	596.85	1
229	1332	596.85	1
230	1332	596.85	1
231	1333.2	597.42	1
232	1336.6	599.13	1
233	1336.6	599.13	1
234	1336.6	599.13	1
235	1338.3	599.71	1
236	1340	600.85	1
237	1340.6	600.85	1
238	1342.3	601.42	1
239	1344	601.42	1
240	1345.8	602.57	1
241	1345.8	602.57	1
242	1346.3	603.14	1
243	1348.1	604.28	1
244	1348.6	604.28	1
245	1348.6	604.85	1
246	1350.3	605.43	1
247	1352.1	607.14	1
248	1355.5	610	1
249	1356.1	610	1
250	1357.8	611.15	1
251	1359.5	612.29	1
252	1361.8	614.58	1
253	1362.9	615.15	1
254	1362.9	615.15	1
255	1363.5	615.15	1
256	1363.5	616.29	1
257	1364.1	616.29	1
258	1365.8	618.01	1
259	1367.5	619.73	1
260	1368.6	620.3	1
261	1368.6	620.3	1
262	1369.2	620.3	1
263	1373.2	622.59	1
264	1374.9	623.73	1
265	1377.2	625.45	1
266	1379.5	626.59	1
267	1379.5	626.59	1
268	1382.4	626.59	1
269	1382.4	626.59	1
270	1382.4	626.59	1
271	1382.4	626.59	1
272	1382.9	627.74	1
273	1382.9	627.74	1
274	1384.7	629.45	1
275	1384.7	629.45	1
276	1384.7	629.45	1
277	1386.4	629.45	1
278	1386.4	629.45	1
279	1388.7	628.88	1
280	1389.8	628.88	1
281	1390.4	628.88	1
282	1390.4	628.88	1
283	1389.2	628.88	1
284	1385.8	630.02	1
285	1385.8	630.02	1
286	1387	630.02	1
287	1388.1	630.02	1
288	1388.1	630.02	1
289	1388.1	630.02	1
290	1389.8	630.02	1
291	1389.8	630.02	1
292	1389.8	630.02	1
293	1389.8	630.02	1
294	1389.8	630.02	1
295	1392.1	631.74	1
296	1392.1	635.17	1
297	1392.1	635.74	1
298	1392.1	637.46	1
299	1391.5	638.03	1
300	1391.5	639.18	1
301	1390.4	641.46	1
302	1390.4	641.46	1
303	1390.4	642.04	1
