2	980.81	540.79	1
3	980.81	540.79	1
4	984.81	549.37	1
5	984.81	549.37	1
6	984.81	549.37	1
7	982.52	544.79	1
8	982.52	544.79	1
9	982.52	544.79	1
10	983.1	545.36	1
11	984.81	545.93	1
12	984.81	545.93	1
13	984.81	545.93	1
14	984.24	547.08	1
15	985.38	547.08	1
16	986.53	547.65	1
17	987.67	547.65	1
18	988.82	547.65	1
19	989.39	548.79	1
20	989.39	548.79	1
21	994.54	551.65	1
22	995.11	552.8	1
23	995.11	552.8	1
24	996.25	554.51	1
25	1006	561.38	1
26	1008.8	564.81	1
27	1011.7	565.38	1
28	1016.3	568.24	1
29	1018.6	568.82	1
30	1019.7	568.82	1
31	1019.7	568.82	1
32	1019.7	568.82	1
33	1019.7	568.82	1
34	1019.7	568.82	1
35	1019.7	569.96	1
36	1027.1	571.1	1
37	1027.1	571.1	1
38	1027.1	571.1	1
39	1027.1	571.1	1
40	1030	572.82	1
41	1030	572.82	1
42	1034	573.96	1
43	1035.2	573.96	1
44	1036.9	573.96	1
45	1037.4	573.96	1
46	1037.4	574.54	1
47	1038.6	574.54	1
48	1041.4	574.54	1
49	1041.4	574.54	1
50	1044.9	574.54	1
51	1044.9	574.54	1
52	1044.9	575.68	1
53	1045.4	575.68	1
54	1047.2	575.68	1
55	1047.2	576.82	1
56	1047.2	576.82	1
57	1047.2	576.82	1
58	1047.2	576.82	1
59	1047.2	577.97	1
60	1047.2	579.68	1
61	1047.2	579.68	1
62	1047.2	580.26	1
63	1048.3	580.26	1
64	1048.9	580.26	1
65	1051.2	580.26	1
66	1051.2	580.26	1
67	1052.3	580.26	1
68	1052.3	580.26	1
69	1054	579.11	1
70	1054.6	578.54	1
71	1054.6	578.54	1
72	1054.6	578.54	1
73	1058	578.54	1
74	1059.7	578.54	1
75	1060.9	578.54	1
76	1062.6	578.54	1
77	1063.8	578.54	1
78	1063.8	578.54	1
79	1064.3	579.68	1
80	1065.5	579.68	1
81	1066.6	579.68	1
82	1068.3	580.26	1
83	1068.3	580.26	1
84	1071.8	581.97	1
85	1072.3	582.54	1
86	1075.8	585.4	1
87	1076.3	585.98	1
88	1075.8	587.69	1
89	1075.8	587.69	1
90	1075.8	587.69	1
91	1075.8	587.69	1
92	1075.8	587.69	1
93	1075.8	587.69	1
94	1075.8	588.26	1
95	1075.8	588.26	1
96	1075.8	588.26	1
97	1075.8	588.26	1
98	1077.5	588.26	1
99	1079.2	588.26	1
100	1082.1	588.26	1
101	1082.1	588.26	1
102	1086.6	587.12	1
103	1086.6	587.12	1
104	1086.6	587.12	1
105	1086.6	587.12	1
106	1086.6	587.12	1
107	1088.9	586.55	1
108	1088.9	586.55	1
109	1088.9	586.55	1
110	1088.9	586.55	1
111	1088.9	586.55	1
112	1091.2	586.55	1
113	1093.5	586.55	1
114	1093.5	586.55	1
115	1093.5	586.55	1
116	1094.6	586.55	1
117	1095.2	586.55	1
118	1103.2	584.83	1
119	1099.8	586.55	1
120	1099.8	586.55	1
121	1102.7	586.55	1
122	1102.7	586.55	1
123	1104.9	585.98	1
124	1106.1	584.83	1
125	1106.1	584.83	1
126	1106.1	584.83	1
127	1106.1	584.83	1
128	1106.1	584.83	1
129	1106.1	584.83	1
130	1106.1	584.83	1
131	1106.7	584.83	1
132	1110.1	584.83	1
133	1111.8	584.83	1
134	1111.8	584.83	1
135	1111.8	584.83	1
136	1111.8	584.83	1
137	1118.1	584.83	1
138	1120.4	584.83	1
139	1121.5	584.83	1
140	1121.5	584.83	1
141	1122.1	584.83	1
142	1123.8	584.83	1
143	1126.1	584.83	1
144	1126.1	584.83	1
145	1127.2	584.83	1
146	1127.8	584.83	1
147	1131.8	583.12	1
148	1131.8	583.12	1
149	1133	582.54	1
150	1133	582.54	1
151	1135.8	581.4	1
152	1137	581.4	1
153	1138.7	581.4	1
154	1138.7	581.4	1
155	1138.7	581.4	1
156	1138.7	581.4	1
157	1138.7	581.4	1
158	1138.7	581.4	1
159	1139.3	580.83	1
160	1139.8	580.83	1
161	1141.5	580.26	1
162	1141.5	580.26	1
163	1141.5	580.26	1
164	1142.7	580.26	1
165	1146.7	578.54	1
166	1146.7	578.54	1
167	1147.3	578.54	1
168	1153	576.82	1
169	1154.1	576.82	1
170	1154.1	576.82	1
171	1157	575.11	1
172	1158.1	575.11	1
173	1158.1	575.11	1
174	1160.4	574.54	1
175	1160.4	574.54	1
176	1161	574.54	1
177	1162.1	574.54	1
178	1162.7	574.54	1
179	1162.7	573.39	1
180	1162.7	573.39	1
181	1163.9	573.39	1
182	1166.1	572.82	1
183	1166.1	572.82	1
184	1166.7	572.82	1
185	1166.7	572.82	1
186	1168.4	571.68	1
187	1168.4	571.68	1
188	1169.6	571.68	1
189	1170.7	571.1	1
190	1174.2	570.53	1
191	1174.2	570.53	1
192	1175.9	570.53	1
193	1179.9	568.82	1
194	1179.9	568.82	1
195	1181.6	567.67	1
196	1183.3	567.67	1
197	1183.3	567.67	1
198	1183.3	567.67	1
199	1185	567.1	1
200	1185	567.1	1
201	1187.3	565.96	1
202	1193	564.81	1
203	1193.6	564.81	1
204	1193.6	564.81	1
205	1198.8	563.1	1
206	1199.3	561.95	1
207	1200.5	561.95	1
208	1201	561.95	1
209	1205	560.24	1
210	1205	560.24	1
211	1205	560.24	1
212	1205	560.24	1
213	1206.2	560.24	1
214	1207.3	559.66	1
215	1208.5	559.66	1
216	1208.5	559.66	1
217	1208.5	559.66	1
218	1208.5	559.09	1
219	1208.5	559.09	1
220	1209	559.09	1
221	1210.8	557.95	1
222	1213.1	557.38	1
223	1214.2	557.38	1
224	1214.2	557.38	1
225	1214.8	556.23	1
226	1214.8	556.23	1
227	1221.6	553.37	1
228	1221.6	553.37	1
229	1222.2	553.37	1
230	1223.9	551.65	1
231	1225.6	550.51	1
232	1225.6	549.94	1
233	1225.6	549.94	1
234	1225.6	549.37	1
235	1225.6	549.37	1
236	1225.6	549.37	1
237	1227.4	547.65	1
238	1228.5	546.51	1
239	1229.6	545.93	1
240	1231.4	544.79	1
241	1233.1	543.65	1
242	1233.1	543.65	1
243	1233.6	542.5	1
244	1233.6	542.5	1
245	1233.6	542.5	1
246	1237.7	540.79	1
247	1237.7	540.79	1
248	1241.7	539.64	1
249	1242.8	538.5	1
250	1243.4	537.93	1
251	1245.1	536.78	1
252	1245.7	536.21	1
253	1246.8	536.21	1
254	1246.8	535.07	1
255	1247.4	535.07	1
256	1247.4	535.07	1
257	1247.4	534.49	1
258	1252.5	532.21	1
259	1253.1	530.49	1
260	1253.1	530.49	1
261	1253.1	530.49	1
262	1253.1	529.35	1
263	1253.1	528.77	1
264	1254.8	528.2	1
265	1254.8	527.06	1
266	1254.8	527.06	1
267	1255.4	527.06	1
268	1258.2	525.34	1
269	1258.8	524.77	1
270	1261.1	523.62	1
271	1261.1	523.62	1
272	1262.2	523.62	1
273	1262.2	523.05	1
274	1266.3	522.48	1
275	1266.8	522.48	1
276	1266.8	521.34	1
277	1269.7	520.76	1
278	1269.7	519.62	1
279	1270.3	519.62	1
280	1270.8	519.05	1
281	1273.7	516.76	1
282	1273.7	515.62	1
283	1274.3	515.62	1
284	1276.5	513.33	1
285	1276.5	513.33	1
286	1276.5	513.33	1
287	1280	511.04	1
288	1280	511.04	1
289	1282.3	509.9	1
290	1282.3	509.9	1
291	1283.4	509.32	1
292	1284	509.32	1
293	1286.3	508.18	1
294	1286.3	507.61	1
295	1287.4	507.61	1
296	1288	507.61	1
297	1289.1	507.61	1
298	1292	505.89	1
299	1293.1	505.89	1
300	1293.1	505.89	1
301	1294.9	505.32	1
302	1295.4	504.18	1
303	1298.9	501.89	1
304	1301.1	500.17	1
305	1301.1	499.6	1
306	1301.7	499.6	1
307	1302.9	498.46	1
308	1302.9	498.46	1
309	1303.4	498.46	1
310	1303.4	498.46	1
311	1305.2	497.88	1
312	1306.3	497.88	1
313	1308.6	497.31	1
314	1308.6	496.17	1
315	1310.3	496.17	1
316	1310.3	496.17	1
317	1310.9	496.17	1
318	1310.9	496.17	1
319	1320	491.59	1
320	1320	491.59	1
321	1320.6	491.59	1
322	1324.6	489.88	1
323	1325.7	489.88	1
324	1325.7	489.88	1
325	1325.7	489.88	1
326	1328.6	488.16	1
327	1330.3	487.01	1
328	1332	485.87	1
329	1334.3	484.15	1
330	1334.3	484.15	1
331	1338.3	482.44	1
332	1339.5	480.72	1
333	1340	480.72	1
334	1340	480.72	1
335	1341.2	480.72	1
336	1342.9	479.01	1
337	1343.5	479.01	1
338	1343.5	479.01	1
339	1344	478.43	1
340	1345.8	476.15	1
341	1345.8	475	1
342	1345.8	475	1
343	1347.5	474.43	1
344	1347.5	474.43	1
345	1347.5	474.43	1
346	1347.5	474.43	1
347	1347.5	474.43	1
348	1347.5	474.43	1
349	1347.5	474.43	1
350	1349.8	473.29	1
351	1350.9	472.71	1
352	1350.9	472.71	1
353	1352.6	471.57	1
354	1355.5	471	1
355	1356.6	470.43	1
356	1356.6	470.43	1
357	1358.9	469.28	1
358	1359.5	469.28	1
359	1360.6	468.71	1
360	1360.6	468.71	1
361	1360.6	468.71	1
362	1361.2	468.71	1
363	1364.1	467.57	1
364	1364.1	467.57	1
365	1364.1	467.57	1
366	1364.6	467.57	1
367	1366.9	467.57	1
368	1368.6	466.99	1
369	1368.6	466.99	1
370	1370.9	466.99	1
371	1372.1	466.99	1
372	1372.7	466.99	1
373	1372.7	466.99	1
374	1372.7	466.99	1
375	1374.4	466.42	1
376	1374.4	466.42	1
377	1377.8	465.28	1
378	1378.4	464.71	1
379	1383.5	462.99	1
