2	971.08	524.77	1
3	971.08	524.77	1
4	971.08	524.77	1
5	972.23	524.77	1
6	974.51	524.2	1
7	974.51	524.2	1
8	974.51	524.2	1
9	974.51	524.2	1
10	974.51	524.2	1
11	974.51	524.2	1
12	974.51	524.2	1
13	975.66	524.2	1
14	975.66	524.2	1
15	975.66	524.2	1
16	975.66	524.2	1
17	975.66	524.2	1
18	975.66	524.2	1
19	975.66	524.2	1
20	975.66	524.2	1
21	975.66	524.2	1
22	975.66	524.2	1
23	975.66	524.2	1
24	975.66	524.2	1
25	975.66	524.2	1
26	975.66	524.2	1
27	975.66	524.2	1
28	975.66	524.2	1
29	975.66	524.2	1
30	975.66	524.2	1
31	975.66	524.2	1
32	975.66	524.2	1
33	975.66	524.2	1
34	975.66	524.2	1
35	975.66	524.2	1
36	975.66	524.2	1
37	975.66	524.2	1
38	975.66	524.2	1
39	975.66	524.2	1
40	975.66	524.2	1
41	975.66	524.2	1
42	978.52	523.05	1
43	978.52	522.48	1
44	978.52	522.48	1
45	978.52	522.48	1
46	978.52	522.48	1
47	980.24	521.91	1
48	980.24	520.76	1
49	981.38	520.19	1
50	982.52	519.05	1
51	983.67	518.48	1
52	984.24	516.76	1
53	985.38	515.04	1
54	985.38	515.04	1
55	985.38	514.47	1
56	985.38	509.32	1
57	985.38	507.04	1
58	985.38	507.04	1
59	984.24	507.04	1
60	984.24	507.04	1
61	984.24	507.04	1
62	983.1	505.32	1
63	982.52	503.03	1
64	980.81	497.31	1
65	980.81	497.31	1
66	980.81	495.6	1
67	980.81	491.59	1
68	980.81	491.59	1
69	980.81	491.59	1
70	981.38	489.88	1
71	982.52	488.16	1
72	982.52	487.59	1
73	983.67	484.15	1
74	983.67	481.29	1
75	983.67	480.15	1
76	983.67	480.15	1
77	983.1	480.15	1
78	982.52	480.15	1
79	981.95	479.58	1
80	981.95	479.58	1
81	981.95	478.43	1
82	977.38	472.71	1
83	976.8	471	1
84	976.8	471	1
85	976.8	471	1
86	976.8	471	1
87	976.8	471	1
88	977.95	470.43	1
89	977.95	470.43	1
90	978.52	469.85	1
91	981.95	468.71	1
92	981.95	468.71	1
93	981.95	468.71	1
94	981.95	468.71	1
95	981.95	468.71	1
96	981.95	468.71	1
97	981.95	468.71	1
98	981.95	468.71	1
99	981.95	468.71	1
100	981.95	469.28	1
101	981.95	468.71	1
102	982.52	468.71	1
103	982.52	468.71	1
104	982.52	468.71	1
105	982.52	468.71	1
106	982.52	464.13	1
107	982.52	460.7	1
108	982.52	460.7	1
109	982.52	456.7	1
110	980.81	452.69	1
111	979.09	450.98	1
112	977.38	449.26	1
113	976.8	445.26	1
114	976.8	441.82	1
115	977.95	439.54	1
116	977.95	439.54	1
117	977.95	439.54	1
118	977.95	439.54	1
119	977.95	439.54	1
120	977.95	439.54	1
121	978.52	437.82	1
122	978.52	433.82	1
123	978.52	433.82	1
124	978.52	433.82	1
125	978.52	433.82	1
126	978.52	433.24	1
127	978.52	430.38	1
128	978.52	428.67	1
129	978.52	427.52	1
130	978.52	426.38	1
131	978.52	425.81	1
132	978.52	424.09	1
133	978.52	422.38	1
134	978.52	422.38	1
135	978.52	421.8	1
136	978.52	421.8	1
137	978.52	420.66	1
138	978.52	417.8	1
139	978.52	416.08	1
140	978.52	414.37	1
141	978.52	413.22	1
142	978.52	412.65	1
143	978.52	409.22	1
144	978.52	408.07	1
145	978.52	408.07	1
146	978.52	406.36	1
147	978.52	405.21	1
148	978.52	405.21	1
149	978.52	405.21	1
150	978.52	402.35	1
151	978.52	401.21	1
152	978.52	400.64	1
153	978.52	397.78	1
154	978.52	395.49	1
155	978.52	394.92	1
156	978.52	393.2	1
157	978.52	393.2	1
158	978.52	392.06	1
159	978.52	391.49	1
160	978.52	391.49	1
161	978.52	391.49	1
162	978.52	386.91	1
163	979.66	384.05	1
164	980.24	381.76	1
165	981.38	378.33	1
166	981.38	376.04	1
167	981.38	374.32	1
168	981.38	374.32	1
169	981.38	374.32	1
170	981.38	374.32	1
171	981.38	371.46	1
172	980.81	369.75	1
173	980.81	369.75	1
174	980.81	366.89	1
175	980.81	366.89	1
176	980.81	366.32	1
177	981.95	364.03	1
178	981.95	362.88	1
179	981.95	362.88	1
180	981.95	361.17	1
181	981.95	361.17	1
182	981.95	360.6	1
183	981.95	355.45	1
184	981.95	354.88	1
185	981.95	354.3	1
186	981.95	351.44	1
187	981.95	350.3	1
188	981.95	350.3	1
189	981.95	349.15	1
190	981.95	348.58	1
191	981.95	345.15	1
192	981.95	345.15	1
193	981.95	345.15	1
194	981.95	344.58	1
195	981.95	344.58	1
196	982.52	342.86	1
197	984.24	340	1
198	984.24	339.43	1
199	984.24	336	1
200	984.24	333.71	1
201	984.24	333.14	1
202	984.24	331.42	1
203	984.24	329.13	1
204	984.24	329.13	1
205	984.24	326.27	1
206	985.38	325.7	1
207	986.53	324.56	1
208	986.53	323.99	1
209	986.53	323.99	1
210	987.67	323.41	1
211	988.24	320.55	1
212	989.39	318.26	1
213	989.39	318.26	1
214	989.39	318.26	1
215	989.39	317.69	1
216	989.39	317.69	1
217	989.96	313.69	1
218	991.1	310.26	1
219	991.1	309.11	1
220	991.1	309.11	1
221	993.39	306.25	1
222	993.39	306.25	1
223	993.39	306.25	1
224	993.39	302.82	1
225	995.11	300.53	1
226	995.68	298.82	1
227	995.68	298.82	1
228	997.97	296.53	1
229	997.97	296.53	1
230	999.68	295.38	1
231	999.68	294.81	1
232	1000.8	294.81	1
233	1000.8	294.81	1
234	1000.8	294.81	1
235	1003.7	291.38	1
236	1003.7	289.66	1
237	1003.7	289.09	1
238	1003.7	287.95	1
239	1004.8	287.38	1
240	1004.8	283.94	1
241	1004.8	283.94	1
242	1005.4	283.94	1
243	1006.5	282.23	1
244	1007.1	281.08	1
245	1007.7	279.37	1
246	1007.7	277.65	1
247	1007.7	277.08	1
248	1008.8	275.93	1
249	1009.4	271.93	1
250	1009.4	271.93	1
251	1010.6	271.36	1
252	1011.1	268.5	1
253	1012.3	266.78	1
254	1012.3	266.78	1
255	1012.3	266.21	1
256	1012.3	266.21	1
257	1012.8	266.21	1
258	1013.4	264.49	1
259	1013.4	264.49	1
260	1014.6	262.78	1
261	1014.6	262.78	1
262	1014.6	261.63	1
263	1014.6	258.2	1
264	1014.6	258.2	1
265	1014.6	256.49	1
266	1014.6	254.77	1
267	1014.6	254.2	1
268	1014.6	250.76	1
269	1014.6	247.33	1
270	1014.6	245.04	1
271	1014.6	244.47	1
272	1014.6	244.47	1
273	1014.6	242.76	1
274	1015.1	242.76	1
275	1015.1	241.04	1
276	1015.1	241.04	1
277	1016.3	238.75	1
278	1018.6	233.6	1
279	1018.6	233.6	1
280	1019.1	230.17	1
281	1020.3	229.6	1
282	1020.3	229.03	1
283	1022.6	225.02	1
284	1022.6	225.02	1
285	1023.1	225.02	1
286	1024.3	223.88	1
287	1024.9	223.31	1
288	1026	221.59	1
289	1026.6	219.88	1
290	1027.7	218.16	1
291	1027.7	218.16	1
292	1027.7	218.16	1
293	1027.7	218.16	1
294	1031.7	214.73	1
295	1032.3	214.73	1
296	1032.3	214.73	1
297	1032.3	214.15	1
298	1032.3	211.87	1
299	1033.4	210.15	1
300	1033.4	209.01	1
301	1033.4	209.01	1
302	1033.4	209.01	1
303	1033.4	209.01	1
304	1034	205	1
305	1034	205	1
306	1034.6	203.86	1
307	1036.3	201	1
308	1036.3	200.43	1
309	1036.3	200.43	1
310	1036.3	200.43	1
311	1036.3	196.99	1
312	1037.4	193.56	1
313	1037.4	193.56	1
314	1037.4	193.56	1
315	1037.4	193.56	1
316	1039.7	192.42	1
317	1042	191.27	1
318	1044.3	188.99	1
319	1044.3	188.41	1
320	1044.3	188.41	1
321	1044.3	188.41	1
322	1044.3	188.41	1
323	1045.4	185.55	1
324	1045.4	184.98	1
325	1045.4	182.69	1
326	1045.4	182.69	1
327	1045.4	182.69	1
328	1045.4	181.55	1
329	1045.4	181.55	1
330	1045.4	181.55	1
331	1045.4	179.26	1
332	1046	175.26	1
333	1046	174.11	1
334	1046	174.11	1
335	1046	173.54	1
336	1046	173.54	1
337	1046	172.4	1
338	1046	172.4	1
339	1046	172.4	1
340	1047.7	161.53	1
