2	972.8	523.05	1
3	976.23	523.62	1
4	976.23	523.62	1
5	976.23	523.62	1
6	976.23	523.62	1
7	976.23	523.62	1
8	976.23	523.62	1
9	976.23	523.62	1
10	976.23	523.62	1
11	976.23	523.62	1
12	976.23	523.62	1
13	976.23	523.62	1
14	976.23	523.62	1
15	976.23	523.62	1
16	976.23	523.62	1
17	976.23	523.62	1
18	977.38	523.62	1
19	977.38	523.62	1
20	978.52	523.62	1
21	980.24	522.48	1
22	980.24	522.48	1
23	980.24	522.48	1
24	980.24	522.48	1
25	980.24	522.48	1
26	980.24	522.48	1
27	980.24	521.91	1
28	981.95	519.62	1
29	981.95	519.62	1
30	981.95	519.62	1
31	981.95	519.62	1
32	979.66	518.48	1
33	973.37	513.9	1
34	973.37	513.9	1
35	973.37	513.9	1
36	973.37	511.61	1
37	973.37	511.61	1
38	973.37	511.61	1
39	973.37	511.61	1
40	973.37	511.61	1
41	973.37	508.18	1
42	973.37	508.18	1
43	973.37	507.04	1
44	972.8	506.46	1
45	972.8	505.89	1
46	969.94	503.03	1
47	969.37	501.32	1
48	969.37	500.74	1
49	969.37	500.17	1
50	969.37	497.31	1
51	971.08	494.45	1
52	972.23	492.74	1
53	973.37	487.59	1
54	974.51	480.72	1
55	974.51	479.01	1
56	976.8	477.29	1
57	977.38	476.15	1
58	977.38	476.15	1
59	977.38	476.15	1
60	980.81	471.57	1
61	980.81	471.57	1
62	980.81	470.43	1
63	979.66	468.14	1
64	979.66	468.14	1
65	979.66	468.14	1
66	975.09	468.14	1
67	975.09	468.14	1
68	973.94	468.14	1
69	975.09	466.42	1
70	977.38	465.85	1
71	978.52	465.85	1
72	978.52	464.13	1
73	979.09	462.42	1
74	979.09	461.85	1
75	979.09	459.56	1
76	979.09	459.56	1
77	979.09	458.41	1
78	980.81	454.98	1
79	980.81	454.98	1
80	979.66	454.98	1
81	979.09	454.98	1
82	979.09	454.98	1
83	979.09	454.98	1
84	979.09	453.84	1
85	979.09	452.12	1
86	979.09	449.26	1
87	979.09	449.26	1
88	979.09	449.26	1
89	979.09	449.26	1
90	979.09	449.26	1
91	979.09	448.69	1
92	980.81	446.97	1
93	980.81	446.97	1
94	981.95	446.4	1
95	981.95	445.26	1
96	981.95	444.68	1
97	981.95	442.97	1
98	981.95	442.97	1
99	981.95	442.97	1
100	981.95	442.4	1
101	981.95	442.4	1
102	981.95	441.25	1
103	981.95	438.96	1
104	981.38	437.25	1
105	981.38	435.53	1
106	981.38	434.96	1
107	980.81	434.96	1
108	980.81	434.96	1
109	980.81	431.53	1
110	980.81	430.96	1
111	980.81	429.81	1
112	980.81	429.81	1
113	980.81	429.24	1
114	980.81	429.24	1
115	980.81	428.1	1
116	980.81	428.1	1
117	982.52	426.95	1
118	982.52	426.95	1
119	982.52	426.95	1
120	982.52	426.95	1
121	982.52	426.95	1
122	982.52	423.52	1
123	982.52	423.52	1
124	982.52	423.52	1
125	982.52	423.52	1
126	982.52	423.52	1
127	982.52	423.52	1
128	982.52	422.95	1
129	982.52	421.8	1
130	981.38	421.23	1
131	980.81	420.09	1
132	979.66	418.37	1
133	979.66	418.37	1
134	979.66	417.8	1
135	979.66	417.8	1
136	979.66	417.8	1
137	979.66	417.8	1
138	979.09	417.8	1
139	979.09	417.8	1
140	979.09	417.8	1
141	979.09	417.23	1
142	977.95	416.08	1
143	977.95	416.08	1
144	977.95	415.51	1
145	977.95	415.51	1
146	977.38	415.51	1
147	977.38	414.37	1
148	977.38	412.65	1
149	976.8	412.65	1
150	976.8	412.65	1
151	976.8	412.65	1
152	976.8	412.65	1
153	976.8	412.65	1
154	976.8	412.08	1
155	975.66	411.51	1
156	975.66	411.51	1
157	973.94	408.65	1
158	973.94	408.65	1
159	973.94	408.65	1
160	973.94	408.65	1
161	973.94	408.65	1
162	973.94	408.65	1
163	973.94	408.65	1
164	973.94	408.65	1
165	973.94	408.65	1
166	975.09	406.93	1
167	975.09	406.93	1
168	975.09	406.93	1
169	977.38	402.35	1
170	977.38	402.35	1
171	977.38	402.35	1
172	973.94	402.35	1
173	973.94	402.35	1
174	976.23	402.35	1
175	976.23	402.35	1
176	976.23	402.35	1
177	975.66	398.35	1
178	975.66	398.35	1
179	975.66	398.35	1
180	975.66	398.35	1
181	975.66	398.35	1
182	975.09	394.35	1
183	975.09	394.35	1
184	975.09	394.35	1
185	975.09	394.35	1
186	975.09	394.35	1
187	973.37	391.49	1
188	972.8	391.49	1
189	972.8	389.2	1
190	972.8	389.2	1
191	972.8	389.2	1
192	972.8	389.2	1
193	971.65	387.48	1
194	971.08	385.19	1
195	971.08	385.19	1
196	971.08	385.19	1
197	971.08	385.19	1
198	971.08	385.19	1
199	971.08	384.62	1
200	972.23	383.48	1
201	972.23	382.9	1
202	972.23	380.62	1
203	972.23	377.76	1
204	972.23	377.18	1
205	972.23	377.18	1
206	972.23	374.9	1
207	972.23	373.75	1
208	972.23	373.18	1
209	972.23	373.18	1
210	972.23	373.18	1
211	972.23	369.75	1
212	972.23	369.18	1
213	972.23	368.03	1
214	972.23	366.32	1
215	972.8	365.74	1
216	972.8	362.31	1
217	972.8	360.02	1
218	972.8	359.45	1
219	972.8	359.45	1
220	972.8	359.45	1
221	972.8	359.45	1
222	972.8	359.45	1
223	972.8	359.45	1
224	975.09	357.74	1
225	975.09	357.74	1
226	976.8	356.02	1
227	978.52	354.88	1
228	980.24	354.3	1
229	980.24	352.59	1
230	980.81	348.01	1
231	980.81	346.87	1
232	980.81	346.87	1
233	980.81	344.01	1
234	980.81	341.15	1
235	981.95	340.57	1
236	981.95	340.57	1
237	981.95	340.57	1
238	981.95	339.43	1
239	981.95	334.85	1
240	981.95	334.85	1
241	981.95	333.71	1
242	984.24	332.57	1
243	984.81	331.42	1
244	984.81	330.85	1
245	985.96	329.13	1
246	985.96	329.13	1
247	985.96	328.56	1
248	987.67	322.84	1
249	988.24	322.84	1
250	988.24	321.7	1
251	988.24	321.7	1
252	988.24	321.7	1
253	990.53	319.41	1
254	990.53	319.41	1
255	991.68	319.41	1
256	991.68	319.41	1
257	991.68	319.41	1
258	991.68	319.41	1
259	992.25	311.97	1
260	992.25	311.97	1
261	992.25	311.97	1
262	992.82	304.54	1
263	992.82	304.54	1
264	992.82	304.54	1
265	992.82	303.96	1
266	992.82	303.96	1
267	992.82	298.82	1
268	992.82	298.82	1
269	992.82	298.82	1
270	994.54	294.24	1
271	995.68	290.81	1
272	995.68	290.81	1
273	995.68	290.81	1
274	995.68	290.81	1
275	986.53	286.8	1
276	985.38	286.23	1
277	985.96	285.09	1
278	985.96	284.51	1
279	985.96	284.51	1
280	985.96	284.51	1
281	985.96	281.08	1
282	985.96	281.08	1
283	985.96	281.08	1
284	985.96	280.51	1
285	985.96	279.37	1
286	985.96	279.37	1
287	985.96	279.37	1
288	985.96	274.79	1
289	985.96	273.07	1
290	985.96	271.93	1
291	985.96	270.79	1
292	985.96	269.07	1
293	986.53	266.21	1
294	986.53	265.64	1
295	986.53	263.92	1
296	987.67	261.63	1
297	987.67	260.49	1
298	987.67	258.2	1
299	987.1	255.91	1
300	986.53	255.34	1
301	983.67	253.62	1
302	982.52	252.48	1
303	981.38	251.91	1
304	981.38	250.19	1
305	979.66	246.76	1
306	979.66	246.76	1
307	979.66	246.76	1
308	979.09	244.47	1
309	979.09	241.04	1
310	977.95	239.9	1
311	977.95	238.75	1
312	977.95	238.75	1
313	977.38	237.04	1
314	975.66	234.18	1
315	975.09	232.46	1
316	975.09	232.46	1
317	975.09	230.74	1
318	973.94	228.46	1
319	973.37	225.6	1
320	972.8	223.88	1
321	972.8	223.88	1
322	972.8	222.74	1
323	972.8	222.74	1
324	972.8	222.74	1
325	972.8	222.74	1
326	971.08	215.3	1
327	971.08	215.3	1
328	971.08	215.3	1
329	971.08	215.3	1
330	969.94	213.58	1
331	969.37	211.29	1
332	968.22	210.15	1
333	968.22	208.43	1
334	967.65	207.29	1
335	967.08	206.15	1
336	967.08	204.43	1
337	965.93	203.86	1
338	965.93	202.14	1
339	965.36	202.14	1
340	964.22	200.43	1
341	964.22	198.71	1
342	964.22	198.14	1
343	963.65	198.14	1
344	963.65	196.42	1
345	962.5	194.71	1
346	962.5	194.13	1
347	961.93	191.85	1
348	961.93	190.13	1
349	961.93	187.27	1
350	961.36	186.12	1
351	961.36	184.41	1
352	960.21	184.41	1
353	959.64	180.98	1
354	958.5	179.26	1
355	957.93	176.97	1
356	956.78	176.4	1
357	956.21	173.54	1
358	956.21	171.82	1
359	955.64	171.25	1
360	955.64	170.68	1
361	955.64	169.54	1
362	954.49	167.25	1
363	954.49	167.25	1
364	953.92	167.25	1
365	953.92	167.25	1
366	951.63	163.24	1
367	951.63	162.1	1
368	951.63	162.1	1
369	950.49	160.96	1
370	949.92	159.24	1
371	949.92	159.24	1
372	949.92	159.24	1
373	949.92	159.24	1
374	947.06	155.81	1
375	945.91	154.09	1
376	944.77	153.52	1
377	944.77	153.52	1
378	944.77	153.52	1
379	942.48	150.09	1
380	941.34	149.51	1
381	941.34	147.8	1
382	940.76	144.37	1
383	939.05	140.93	1
384	938.48	139.79	1
385	938.48	138.65	1
386	938.48	138.65	1
387	938.48	138.07	1
388	938.48	135.21	1
389	938.48	135.21	1
390	938.48	134.64	1
391	936.76	132.93	1
392	935.04	132.93	1
393	935.04	132.93	1
394	932.76	130.07	1
395	932.76	130.07	1
396	932.76	128.92	1
397	931.61	128.35	1
398	929.32	125.49	1
399	929.32	125.49	1
400	928.75	125.49	1
401	927.04	124.92	1
402	925.89	124.35	1
403	925.32	124.35	1
404	923.03	120.91	1
405	923.03	120.91	1
406	921.89	114.05	1
407	921.89	112.9	1
408	921.89	112.9	1
409	921.89	111.76	1
410	921.89	110.04	1
411	921.89	108.9	1
412	921.89	107.76	1
413	921.89	107.76	1
414	920.17	107.18	1
415	913.88	104.32	1
416	913.31	103.75	1
417	913.31	103.75	1
418	913.31	103.75	1
419	912.16	103.75	1
420	908.16	103.18	1
421	907.59	103.18	1
422	906.44	102.04	1
423	906.44	102.04	1
424	906.44	102.04	1
425	906.44	102.04	1
426	906.44	102.04	1
427	905.87	102.04	1
428	902.44	102.61	1
429	897.86	104.9	1
430	896.72	105.47	1
431	896.15	105.47	1
432	896.15	105.47	1
433	896.15	105.47	1
434	896.15	105.47	1
435	895	105.47	1
436	893.86	106.61	1
437	892.71	107.18	1
438	892.71	107.18	1
439	892.71	107.18	1
440	892.14	107.18	1
441	892.14	107.18	1
442	892.14	107.18	1
443	889.28	108.33	1
444	888.14	108.33	1
445	886.99	108.33	1
446	886.99	108.33	1
447	886.42	108.33	1
448	884.71	108.33	1
449	881.27	108.9	1
450	881.27	108.9	1
451	881.27	108.9	1
452	881.27	108.9	1
453	876.7	109.47	1
454	876.7	109.47	1
