2	963.07	543.07	1
3	967.08	541.36	1
4	967.08	541.36	1
5	967.08	541.36	1
6	967.08	541.36	1
7	967.08	541.36	1
8	967.08	541.36	1
9	967.08	541.36	1
10	967.08	541.36	1
11	967.08	541.36	1
12	967.08	541.36	1
13	967.08	541.36	1
14	967.08	541.36	1
15	967.08	541.36	1
16	972.23	539.07	1
17	973.94	537.93	1
18	975.09	537.35	1
19	978.52	535.64	1
20	979.66	535.64	1
21	980.24	534.49	1
22	980.24	534.49	1
23	984.24	532.21	1
24	984.24	532.21	1
25	984.24	532.21	1
26	984.81	532.21	1
27	985.96	531.63	1
28	988.24	530.49	1
29	999.11	528.2	1
30	1009.4	527.63	1
31	1009.4	528.77	1
32	1011.7	529.92	1
33	1013.4	529.92	1
34	1013.4	529.92	1
35	1016.3	529.92	1
36	1018.6	528.2	1
37	1020.3	525.91	1
38	1020.3	524.2	1
39	1020.3	516.76	1
40	1022	514.47	1
41	1026	512.76	1
42	1026	512.76	1
43	1027.1	512.76	1
44	1027.1	512.76	1
45	1027.1	512.76	1
46	1028.9	512.76	1
47	1028.9	512.76	1
48	1028.3	512.76	1
49	1028.3	512.76	1
50	1028.3	512.76	1
51	1028.3	512.76	1
52	1028.3	513.9	1
53	1035.2	508.75	1
54	1035.2	508.75	1
55	1037.4	507.61	1
56	1038.6	507.61	1
57	1043.2	506.46	1
58	1043.2	506.46	1
59	1044.3	505.32	1
60	1046.6	504.75	1
61	1047.2	504.75	1
62	1048.3	503.6	1
63	1051.2	503.03	1
64	1052.9	503.03	1
65	1052.9	501.89	1
66	1058.6	499.03	1
67	1060.3	497.88	1
68	1062.6	497.31	1
69	1066.6	495.6	1
70	1066.6	495.6	1
71	1067.8	495.6	1
72	1071.2	493.31	1
73	1071.8	491.02	1
74	1073.5	489.88	1
75	1074	488.16	1
76	1077.5	485.87	1
77	1077.5	485.87	1
78	1079.8	484.15	1
79	1080.9	483.58	1
80	1081.5	480.15	1
81	1082.1	480.15	1
82	1083.2	479.58	1
83	1087.8	477.86	1
84	1087.8	477.86	1
85	1089.5	476.72	1
86	1095.2	474.43	1
87	1096.4	474.43	1
88	1096.4	474.43	1
89	1096.4	474.43	1
90	1097.5	473.86	1
91	1100.4	472.14	1
92	1100.4	472.14	1
93	1100.9	471	1
94	1102.1	471	1
95	1102.7	470.43	1
96	1103.2	469.85	1
97	1103.2	468.71	1
98	1106.7	466.42	1
99	1106.7	465.28	1
100	1108.9	462.99	1
101	1110.1	462.42	1
102	1110.7	459.56	1
103	1110.7	459.56	1
104	1112.4	456.7	1
105	1112.4	456.7	1
106	1118.7	453.26	1
107	1118.7	453.26	1
108	1118.7	452.69	1
109	1118.7	449.83	1
110	1118.7	449.26	1
111	1128.4	441.82	1
112	1128.4	441.82	1
113	1128.4	441.82	1
114	1128.4	441.82	1
115	1128.4	441.82	1
116	1128.4	441.82	1
117	1128.4	441.25	1
118	1129.5	436.1	1
119	1129.5	436.1	1
120	1129.5	436.1	1
121	1129.5	436.1	1
122	1131.3	433.82	1
123	1131.8	432.1	1
124	1133	430.38	1
125	1137	429.81	1
126	1137	429.81	1
127	1138.7	425.81	1
128	1139.3	424.66	1
129	1139.3	424.66	1
130	1139.3	424.66	1
131	1139.8	424.09	1
132	1139.8	424.09	1
133	1139.8	424.09	1
134	1139.8	424.09	1
135	1144.4	421.8	1
136	1146.7	418.94	1
137	1147.3	417.8	1
138	1148.4	416.08	1
139	1149.6	414.37	1
140	1149.6	414.37	1
141	1151.3	413.22	1
142	1152.4	412.65	1
143	1153	410.36	1
144	1153	410.36	1
145	1153	410.36	1
146	1156.4	405.21	1
147	1156.4	405.21	1
148	1156.4	404.64	1
149	1156.4	402.35	1
150	1157	396.63	1
151	1157	395.49	1
152	1161	393.77	1
153	1162.1	393.2	1
154	1164.4	393.2	1
155	1167.9	390.91	1
156	1168.4	390.91	1
157	1168.4	390.91	1
158	1168.4	390.91	1
159	1170.2	382.33	1
160	1170.2	381.76	1
161	1170.2	381.76	1
162	1170.2	381.19	1
163	1170.2	380.04	1
164	1170.2	380.04	1
165	1170.2	380.04	1
166	1170.7	380.04	1
167	1172.4	377.76	1
168	1172.4	377.76	1
169	1172.4	377.76	1
170	1172.4	377.76	1
171	1174.2	375.47	1
172	1175.3	372.61	1
173	1175.3	372.04	1
174	1175.3	372.04	1
175	1177.6	369.75	1
176	1181	366.32	1
177	1181	365.74	1
178	1182.2	364.03	1
179	1182.2	362.88	1
180	1182.2	361.17	1
181	1182.2	357.16	1
182	1182.2	357.16	1
183	1182.2	357.16	1
184	1182.2	357.16	1
185	1186.2	351.44	1
186	1187.3	350.87	1
187	1189	348.01	1
188	1189	348.01	1
189	1189	348.01	1
190	1189	345.15	1
191	1189	342.86	1
192	1189	342.86	1
193	1189	338.86	1
194	1189	336.57	1
195	1189	333.14	1
196	1189.6	331.42	1
197	1189.6	331.42	1
198	1191.3	330.85	1
199	1193	329.71	1
200	1193	329.71	1
201	1193	329.71	1
202	1193.6	329.71	1
203	1199.3	326.85	1
204	1199.3	326.85	1
205	1199.3	323.99	1
206	1199.3	321.7	1
207	1199.3	321.12	1
208	1200.5	319.98	1
209	1200.5	319.41	1
210	1201	318.26	1
211	1202.8	315.98	1
212	1202.8	315.98	1
213	1202.8	315.98	1
214	1202.8	315.4	1
215	1203.9	314.26	1
216	1204.5	314.26	1
217	1205	311.97	1
218	1205	311.4	1
219	1205	307.97	1
220	1205	302.82	1
221	1205	302.25	1
222	1205	302.25	1
223	1205	302.25	1
224	1205	298.82	1
225	1205	298.82	1
226	1205	298.24	1
227	1206.2	295.38	1
228	1206.2	294.81	1
229	1207.9	291.38	1
230	1207.9	290.81	1
231	1208.5	287.38	1
232	1208.5	286.8	1
233	1209	284.51	1
234	1209	283.37	1
235	1209	283.37	1
236	1210.8	281.65	1
237	1210.8	281.65	1
238	1210.8	279.37	1
239	1210.8	278.79	1
240	1212.5	274.79	1
241	1212.5	274.79	1
242	1212.5	274.79	1
243	1212.5	271.93	1
244	1212.5	271.93	1
245	1214.2	269.64	1
246	1214.2	269.64	1
247	1215.9	267.35	1
248	1215.9	267.35	1
249	1215.9	267.35	1
250	1218.2	263.35	1
251	1218.2	263.35	1
252	1219.3	259.92	1
253	1219.3	258.2	1
254	1219.9	254.77	1
255	1219.9	254.77	1
256	1221.6	250.76	1
257	1221.6	250.76	1
258	1221.6	250.76	1
259	1221.6	250.76	1
260	1221.6	248.48	1
261	1222.2	244.47	1
262	1222.2	244.47	1
263	1222.2	244.47	1
264	1222.2	242.76	1
265	1222.2	242.76	1
266	1222.2	242.18	1
267	1222.2	239.32	1
268	1222.2	239.32	1
269	1222.2	239.32	1
270	1222.2	239.32	1
271	1223.9	236.46	1
272	1225.1	236.46	1
273	1225.1	236.46	1
274	1225.1	236.46	1
275	1225.6	233.03	1
276	1225.6	233.03	1
277	1225.6	233.03	1
278	1225.6	233.03	1
279	1225.6	233.03	1
280	1225.6	229.6	1
281	1225.6	229.6	1
282	1225.6	229.03	1
283	1226.2	227.31	1
284	1226.2	226.74	1
285	1227.4	226.74	1
286	1227.4	225.02	1
287	1227.9	222.16	1
288	1227.9	222.16	1
289	1229.1	218.16	1
290	1229.1	218.16	1
291	1229.1	218.16	1
292	1229.1	215.87	1
293	1229.1	213.58	1
294	1229.1	211.87	1
295	1229.1	210.15	1
296	1229.1	208.43	1
297	1229.1	207.29	1
