2	965.36	532.21	1
3	965.36	532.21	1
4	967.65	531.06	1
5	967.65	531.06	1
6	967.65	531.06	1
7	967.65	531.06	1
8	967.65	531.06	1
9	967.65	530.49	1
10	967.65	530.49	1
11	967.65	528.77	1
12	967.65	528.2	1
13	967.65	528.2	1
14	964.22	520.76	1
15	964.22	519.62	1
16	963.65	519.62	1
17	960.79	517.33	1
18	960.79	517.33	1
19	960.79	517.33	1
20	960.21	517.33	1
21	960.21	517.33	1
22	960.21	517.33	1
23	959.64	517.33	1
24	959.64	517.33	1
25	958.5	516.76	1
26	958.5	516.76	1
27	958.5	516.76	1
28	958.5	516.76	1
29	958.5	516.76	1
30	956.78	513.9	1
31	956.21	513.33	1
32	955.07	512.76	1
33	954.49	511.04	1
34	953.92	508.18	1
35	952.21	505.32	1
36	950.49	503.6	1
37	948.77	501.32	1
38	946.49	498.46	1
39	943.63	495.6	1
40	942.48	493.88	1
41	942.48	493.88	1
42	942.48	493.88	1
43	942.48	493.88	1
44	941.34	493.88	1
45	941.34	493.88	1
46	939.62	492.74	1
47	936.76	492.74	1
48	936.76	492.74	1
49	935.62	492.16	1
50	935.62	492.16	1
51	935.04	492.16	1
52	935.04	492.16	1
53	933.9	492.16	1
54	932.76	491.59	1
55	932.76	491.59	1
56	929.9	489.88	1
57	927.61	488.73	1
58	927.04	488.16	1
59	927.04	488.16	1
60	927.04	488.16	1
61	927.04	488.16	1
62	925.32	487.01	1
63	925.32	487.01	1
64	925.32	487.01	1
65	923.03	485.87	1
66	921.89	484.73	1
67	921.89	484.73	1
68	917.88	484.73	1
69	917.31	485.3	1
70	914.45	485.87	1
71	914.45	485.87	1
72	913.88	485.87	1
73	913.88	485.87	1
74	913.88	486.44	1
75	912.16	486.44	1
76	911.59	487.59	1
77	908.73	488.16	1
78	905.87	489.88	1
79	902.44	491.59	1
80	897.29	495.02	1
81	895	497.31	1
82	892.71	499.6	1
83	891.57	500.74	1
84	891.57	500.74	1
85	887.57	503.03	1
86	886.99	503.6	1
87	886.99	503.6	1
88	885.28	505.32	1
89	884.71	506.46	1
90	882.99	508.75	1
91	882.99	508.75	1
92	881.85	508.75	1
93	881.85	508.75	1
94	881.27	509.32	1
95	881.27	509.32	1
96	879.56	511.04	1
97	877.84	512.76	1
98	877.84	512.76	1
99	877.27	513.33	1
100	877.27	514.47	1
101	876.12	514.47	1
102	874.98	516.76	1
103	873.84	518.48	1
104	873.26	520.76	1
105	872.12	522.48	1
106	871.55	523.05	1
107	871.55	524.77	1
108	870.4	525.91	1
109	870.4	528.2	1
110	870.4	533.92	1
111	869.83	537.35	1
112	869.26	538.5	1
113	869.26	539.64	1
114	868.12	541.93	1
115	867.54	545.36	1
116	866.4	547.65	1
117	866.4	548.79	1
118	865.26	551.65	1
119	864.11	552.8	1
120	864.11	553.37	1
121	864.11	553.37	1
122	863.54	553.94	1
123	860.11	559.09	1
124	859.54	562.52	1
125	859.54	562.52	1
126	858.39	562.52	1
127	857.82	564.81	1
128	856.68	567.1	1
129	856.68	567.1	1
130	856.68	567.1	1
131	857.82	568.82	1
132	862.97	572.82	1
133	863.54	575.11	1
134	864.11	576.25	1
135	860.11	577.97	1
136	864.11	576.82	1
137	862.4	577.97	1
138	862.4	580.26	1
139	861.82	583.12	1
140	861.82	583.69	1
141	861.82	585.4	1
142	861.82	588.84	1
143	861.82	592.84	1
144	861.82	596.85	1
145	861.82	597.42	1
146	861.82	597.42	1
147	861.82	599.13	1
148	861.82	600.85	1
149	860.68	602.57	1
150	860.11	604.85	1
151	858.39	608.29	1
152	856.68	610	1
153	856.1	612.29	1
154	854.39	614.58	1
155	854.39	615.72	1
156	853.24	616.29	1
157	852.67	618.58	1
158	852.67	622.01	1
159	852.67	622.01	1
160	852.67	623.73	1
161	852.67	625.45	1
162	852.1	627.74	1
163	852.1	628.31	1
164	852.1	629.45	1
165	852.1	631.17	1
166	850.96	632.31	1
167	850.96	635.74	1
168	850.96	636.89	1
169	850.38	639.75	1
170	850.38	639.75	1
171	849.24	641.46	1
172	849.24	643.18	1
173	849.24	645.47	1
174	849.24	647.18	1
175	849.24	647.18	1
176	849.24	648.9	1
177	847.52	652.33	1
178	846.95	654.62	1
179	846.95	654.62	1
180	846.38	656.34	1
181	846.38	658.05	1
182	845.24	659.2	1
183	844.66	660.34	1
184	843.52	662.63	1
185	842.95	663.2	1
186	842.95	664.35	1
187	842.95	664.92	1
188	841.23	668.92	1
189	841.23	668.92	1
190	839.51	671.78	1
191	838.94	673.5	1
192	837.8	675.79	1
193	837.8	676.36	1
194	837.8	676.36	1
195	837.23	677.5	1
196	837.23	680.36	1
197	837.23	680.36	1
198	836.08	683.79	1
199	836.08	684.37	1
200	835.51	687.23	1
201	835.51	691.23	1
202	835.51	691.8	1
203	835.51	695.24	1
204	835.51	699.24	1
205	835.51	699.81	1
206	835.51	704.39	1
207	835.51	704.96	1
208	834.94	705.53	1
209	833.79	710.11	1
210	833.22	716.4	1
211	832.08	719.83	1
212	832.08	719.83	1
213	832.08	720.4	1
214	831.51	722.12	1
215	829.79	726.12	1
216	829.22	728.41	1
217	829.22	728.41	1
218	829.22	728.41	1
219	829.22	728.41	1
220	829.22	727.27	1
221	829.22	727.27	1
222	829.22	727.27	1
223	829.22	727.84	1
224	829.22	731.85	1
225	827.5	737.57	1
226	827.5	737.57	1
227	830.36	736.99	1
228	830.36	736.99	1
229	830.36	738.14	1
230	830.36	741	1
231	830.36	741.57	1
232	830.36	741.57	1
233	830.36	742.14	1
234	829.22	747.29	1
235	829.22	747.86	1
236	829.22	749.01	1
237	828.07	752.44	1
238	827.5	755.3	1
239	827.5	756.44	1
240	826.36	757.59	1
241	826.36	760.45	1
242	826.36	760.45	1
243	826.36	762.74	1
244	825.79	763.31	1
245	825.79	765.02	1
246	825.79	765.02	1
247	825.21	771.89	1
248	825.21	771.89	1
249	825.21	771.89	1
250	825.21	776.46	1
251	825.21	777.61	1
252	824.07	778.18	1
253	824.07	779.9	1
254	824.07	781.61	1
255	824.07	781.61	1
256	824.07	787.33	1
257	824.07	790.19	1
258	824.07	790.19	1
259	824.07	791.91	1
260	824.07	794.2	1
261	824.07	795.91	1
262	824.64	798.77	1
263	824.64	801.06	1
264	824.64	801.06	1
265	824.64	801.63	1
266	824.64	803.35	1
267	825.21	805.07	1
268	825.21	805.07	1
269	825.21	805.07	1
270	825.21	805.07	1
271	825.21	806.78	1
272	825.21	812.5	1
273	825.21	813.07	1
274	825.21	814.22	1
275	825.79	818.22	1
276	826.93	821.08	1
277	826.93	822.8	1
278	827.5	825.66	1
279	828.65	828.52	1
280	828.65	828.52	1
281	828.65	828.52	1
282	828.65	828.52	1
283	828.65	830.24	1
284	828.65	832.52	1
285	828.65	833.67	1
286	829.22	835.38	1
287	829.22	835.96	1
288	830.36	836.53	1
289	830.36	837.67	1
290	830.93	839.96	1
291	830.93	841.1	1
292	830.93	842.25	1
293	830.93	842.25	1
294	830.93	842.25	1
295	829.79	847.4	1
296	829.22	849.11	1
297	830.36	854.83	1
298	830.36	855.4	1
299	830.36	855.4	1
300	830.93	855.4	1
301	832.65	857.69	1
302	833.22	858.84	1
303	833.22	859.41	1
304	834.37	861.12	1
305	834.37	862.84	1
306	834.37	864.56	1
307	834.37	864.56	1
308	834.37	866.27	1
309	834.37	869.13	1
310	834.37	870.28	1
311	834.37	871.99	1
312	834.37	873.14	1
313	834.37	874.85	1
314	834.37	878.29	1
315	834.37	878.29	1
316	834.37	878.86	1
317	836.65	882.29	1
318	840.09	887.44	1
319	840.09	887.44	1
320	840.66	889.73	1
321	840.66	892.01	1
322	841.23	897.74	1
323	842.38	899.45	1
324	842.38	899.45	1
325	842.38	899.45	1
326	842.38	899.45	1
327	842.38	899.45	1
328	842.38	899.45	1
329	842.38	899.45	1
330	842.38	900.02	1
331	842.38	900.02	1
332	842.38	900.02	1
333	842.38	902.88	1
334	842.38	904.03	1
335	842.38	905.17	1
336	842.38	905.74	1
337	844.09	908.6	1
338	845.81	909.75	1
339	845.81	909.75	1
340	845.81	910.89	1
341	846.38	913.18	1
342	846.38	913.18	1
343	846.95	914.9	1
344	848.1	918.33	1
345	848.1	920.04	1
346	848.1	920.04	1
347	848.1	920.62	1
348	848.1	922.33	1
349	848.1	924.05	1
350	848.1	924.05	1
351	848.1	924.62	1
352	848.1	924.62	1
353	848.1	926.34	1
354	848.1	926.91	1
355	848.1	926.91	1
356	848.1	928.62	1
357	848.1	929.77	1
358	849.81	932.06	1
359	850.38	933.77	1
360	851.53	934.35	1
361	852.67	936.06	1
362	852.67	936.06	1
363	853.82	938.35	1
364	854.39	940.64	1
365	856.1	942.35	1
366	857.82	945.21	1
367	860.11	947.5	1
368	861.25	948.07	1
369	861.82	948.07	1
370	863.54	949.22	1
371	863.54	949.79	1
372	865.26	950.93	1
373	865.83	951.51	1
374	866.97	953.22	1
375	867.54	953.79	1
376	869.83	956.65	1
377	869.83	956.65	1
378	869.83	957.23	1
379	869.83	957.23	1
380	870.98	957.23	1
381	871.55	957.8	1
382	871.55	957.8	1
383	872.12	957.8	1
384	873.84	958.94	1
385	876.7	959.51	1
386	876.7	959.51	1
387	876.7	959.51	1
388	879.56	959.51	1
389	882.42	960.66	1
390	882.42	960.66	1
