1	952.78	540.79	1
2	952.78	540.79	1
3	952.21	540.79	1
4	952.21	540.79	1
5	952.21	540.79	1
6	952.21	540.79	1
7	952.21	540.79	1
8	951.63	540.79	1
9	948.77	540.79	1
10	945.91	540.79	1
11	942.48	540.79	1
12	940.76	540.79	1
13	940.19	539.64	1
14	936.76	539.64	1
15	933.33	539.64	1
16	932.76	539.64	1
17	927.04	539.64	1
18	925.32	539.07	1
19	921.89	539.07	1
20	917.31	537.93	1
21	915.6	537.93	1
22	915.6	537.93	1
23	915.6	537.93	1
24	913.88	537.35	1
25	905.87	538.5	1
26	905.87	538.5	1
27	905.87	538.5	1
28	905.87	538.5	1
29	904.73	538.5	1
30	904.73	538.5	1
31	904.73	538.5	1
32	904.73	538.5	1
33	904.73	538.5	1
34	904.73	538.5	1
35	904.73	538.5	1
36	900.72	535.07	1
37	900.15	532.21	1
38	899.58	532.21	1
39	896.72	529.92	1
40	893.86	527.63	1
41	892.14	525.91	1
42	890.43	525.34	1
43	889.28	520.19	1
44	888.71	518.48	1
45	888.71	517.9	1
46	888.71	515.62	1
47	888.71	515.62	1
48	888.71	514.47	1
49	888.14	513.9	1
50	885.28	510.47	1
51	884.71	508.75	1
52	882.42	506.46	1
53	881.27	504.18	1
54	880.7	501.32	1
55	879.56	500.74	1
56	878.99	497.31	1
57	878.99	494.45	1
58	878.41	492.74	1
59	878.41	492.74	1
60	876.7	488.73	1
61	876.7	488.73	1
62	875.55	488.73	1
63	875.55	488.73	1
64	874.98	487.01	1
65	874.98	487.01	1
66	874.98	487.01	1
67	873.26	481.87	1
68	871.55	477.29	1
69	869.83	473.86	1
70	869.83	473.29	1
71	869.83	471.57	1
72	868.12	468.71	1
73	868.12	468.14	1
74	865.26	464.71	1
75	865.26	464.71	1
76	862.97	462.42	1
77	860.11	458.99	1
78	860.11	458.41	1
79	860.11	458.41	1
80	858.39	456.7	1
81	857.82	456.7	1
82	856.1	454.41	1
83	854.39	450.98	1
84	854.39	449.26	1
85	853.82	448.69	1
86	852.67	446.4	1
87	852.67	446.4	1
88	852.1	446.4	1
89	851.53	443.54	1
90	850.38	441.25	1
91	850.38	437.82	1
92	850.38	435.53	1
93	850.38	431.53	1
94	850.38	430.96	1
95	850.96	427.52	1
96	850.96	426.95	1
97	850.96	425.81	1
98	850.96	423.52	1
99	850.96	422.38	1
100	850.96	422.38	1
101	850.96	421.8	1
102	850.96	417.8	1
103	850.96	417.8	1
104	850.96	416.65	1
105	850.96	416.65	1
106	849.81	412.08	1
107	846.95	402.93	1
108	846.95	402.35	1
109	849.24	398.35	1
110	849.81	394.35	1
111	849.81	394.35	1
112	852.1	391.49	1
113	852.1	391.49	1
114	852.1	391.49	1
115	855.53	387.48	1
116	856.68	386.91	1
117	857.25	382.9	1
118	857.25	381.76	1
119	857.25	378.9	1
120	857.25	377.18	1
121	857.25	376.04	1
122	857.25	374.9	1
123	857.25	374.9	1
124	856.1	371.46	1
125	855.53	368.03	1
126	855.53	368.03	1
127	855.53	367.46	1
128	855.53	367.46	1
129	855.53	367.46	1
130	855.53	360.6	1
131	855.53	360.02	1
132	854.39	356.59	1
133	854.39	356.59	1
134	854.39	356.59	1
135	853.82	353.73	1
136	853.82	350.87	1
137	853.82	350.87	1
138	853.82	348.58	1
139	853.82	344.58	1
140	853.82	344.58	1
141	853.82	343.43	1
142	853.82	342.86	1
143	853.82	342.29	1
144	849.81	338.86	1
145	846.38	337.14	1
146	845.81	336.57	1
147	844.66	335.43	1
148	842.95	333.14	1
149	842.38	331.42	1
150	842.38	331.42	1
151	842.38	331.42	1
152	840.66	329.71	1
153	838.37	327.99	1
154	836.65	326.85	1
155	836.65	326.85	1
156	836.08	325.7	1
157	834.37	323.99	1
158	834.37	323.99	1
159	833.22	323.41	1
160	833.22	323.41	1
161	832.65	322.27	1
162	832.65	321.7	1
163	831.51	321.7	1
164	830.36	319.98	1
165	828.65	318.26	1
166	826.36	315.98	1
167	821.78	311.4	1
168	821.78	311.4	1
169	821.21	306.82	1
170	821.21	306.82	1
171	821.21	306.82	1
172	820.64	306.82	1
173	819.49	303.96	1
174	818.92	302.82	1
175	817.78	301.68	1
176	817.21	299.96	1
177	815.49	297.1	1
178	814.92	295.96	1
179	813.77	294.24	1
180	810.34	290.24	1
181	810.34	290.24	1
182	810.34	290.24	1
183	809.77	289.09	1
184	809.2	288.52	1
185	809.2	288.52	1
186	809.2	287.38	1
187	808.05	287.38	1
188	808.05	287.38	1
189	807.48	285.66	1
190	805.76	283.37	1
191	803.48	279.37	1
192	803.48	279.37	1
193	801.76	277.65	1
194	800.62	277.08	1
195	800.04	275.93	1
196	800.04	275.93	1
197	796.61	273.07	1
198	794.32	269.64	1
199	792.61	267.93	1
200	792.04	266.21	1
201	790.89	266.21	1
202	790.89	266.21	1
203	790.89	266.21	1
204	790.89	266.21	1
205	789.75	265.64	1
206	786.32	263.35	1
207	786.32	263.35	1
208	784.6	260.49	1
209	782.88	259.35	1
210	782.31	258.2	1
211	782.31	257.63	1
212	781.17	254.77	1
213	778.88	250.19	1
214	778.88	250.19	1
215	778.31	249.05	1
216	778.31	248.48	1
217	775.45	246.19	1
218	774.88	245.04	1
219	773.16	243.9	1
220	770.87	241.04	1
221	768.58	239.32	1
222	768.58	238.75	1
223	768.58	238.75	1
224	768.58	238.75	1
225	768.58	238.75	1
226	768.58	238.75	1
227	766.87	238.75	1
228	765.15	238.75	1
229	761.15	237.04	1
230	760	237.04	1
231	760	237.04	1
232	759.43	235.32	1
233	759.43	235.32	1
234	759.43	235.32	1
235	757.71	229.6	1
236	757.71	229.6	1
237	757.14	228.46	1
238	756	225.6	1
239	755.43	225.6	1
240	755.43	225.02	1
241	755.43	225.02	1
242	749.71	215.3	1
243	749.71	215.3	1
244	749.71	215.3	1
245	749.71	215.3	1
246	748.56	215.3	1
247	747.42	214.15	1
248	746.27	211.87	1
249	744.56	209.58	1
250	744.56	207.29	1
251	743.99	204.43	1
252	746.85	200.43	1
253	746.85	200.43	1
254	746.85	200.43	1
255	746.27	198.14	1
256	745.7	196.99	1
257	745.7	196.99	1
258	742.84	195.85	1
259	740.55	194.71	1
260	740.55	194.71	1
261	740.55	194.71	1
262	736.55	190.7	1
263	736.55	190.7	1
264	735.98	190.7	1
265	734.26	188.41	1
266	734.26	188.41	1
267	734.26	188.41	1
268	734.26	188.41	1
269	733.12	187.27	1
270	730.26	181.55	1
271	730.26	181.55	1
272	730.26	181.55	1
273	730.26	181.55	1
274	730.26	181.55	1
275	730.26	181.55	1
276	729.11	180.4	1
277	729.11	180.4	1
278	728.54	178.69	1
279	727.4	176.97	1
280	726.82	175.83	1
281	726.82	175.26	1
282	726.82	175.26	1
283	726.82	175.26	1
284	726.25	175.26	1
285	726.25	175.26	1
286	726.25	175.26	1
287	722.82	175.26	1
288	721.68	175.26	1
289	719.39	174.68	1
290	716.53	174.68	1
291	716.53	174.68	1
292	714.81	174.68	1
293	710.81	175.26	1
294	709.09	176.4	1
295	707.95	176.4	1
296	706.23	176.97	1
297	705.66	176.97	1
298	705.09	178.12	1
299	700.51	180.98	1
300	700.51	180.98	1
301	700.51	180.98	1
302	700.51	180.98	1
303	700.51	180.98	1
304	700.51	180.98	1
305	699.94	180.98	1
306	699.37	182.12	1
307	698.22	182.69	1
