1	971.27	555.68	1
2	973.48	555.68	1
3	976.24	554.58	1
4	976.24	554.58	1
5	976.24	554.58	1
6	976.24	554.58	1
7	976.24	554.58	1
8	976.24	554.58	1
9	976.24	554.58	1
10	975.13	554.58	1
11	971.82	555.68	1
12	971.27	555.68	1
13	969.61	556.79	1
14	966.3	559	1
15	964.64	560.65	1
16	962.98	563.41	1
17	962.98	565.07	1
18	962.98	566.17	1
19	964.09	568.38	1
20	969.06	571.7	1
21	970.71	572.8	1
22	973.48	576.11	1
23	976.24	578.32	1
24	976.24	578.32	1
25	976.24	579.98	1
26	976.24	583.29	1
27	975.68	583.84	1
28	971.27	589.37	1
29	969.61	591.02	1
30	968.51	592.13	1
31	968.51	592.13	1
32	968.51	592.68	1
33	968.51	592.68	1
34	967.95	592.68	1
35	964.64	597.1	1
36	962.98	600.41	1
37	962.98	602.06	1
38	964.09	605.38	1
39	965.19	605.93	1
40	965.75	605.93	1
41	966.3	607.03	1
42	967.4	609.24	1
43	967.4	609.24	1
44	967.4	609.24	1
45	967.4	609.79	1
46	967.4	609.79	1
47	967.4	609.79	1
48	967.4	609.79	1
49	967.4	609.79	1
50	966.85	613.11	1
51	966.3	615.32	1
52	966.3	615.32	1
53	965.75	617.52	1
54	962.98	620.84	1
55	962.43	622.49	1
56	958.57	624.7	1
57	956.36	627.46	1
58	955.25	628.02	1
59	954.7	628.57	1
60	951.39	631.88	1
61	950.84	631.88	1
62	950.84	632.43	1
63	950.84	632.43	1
64	949.73	633.54	1
65	949.18	633.54	1
66	948.08	634.09	1
67	948.08	634.09	1
68	948.08	634.09	1
69	944.21	636.85	1
70	943.66	637.4	1
71	943.66	637.4	1
72	942.56	637.4	1
73	942	637.95	1
74	942	637.95	1
75	938.14	639.61	1
76	934.83	641.27	1
77	933.17	642.37	1
78	933.17	642.37	1
79	933.17	642.37	1
80	932.62	642.92	1
81	928.75	645.13	1
82	927.1	647.89	1
83	927.1	648.44	1
84	927.1	648.44	1
85	926.54	648.44	1
86	924.89	652.31	1
87	923.23	654.52	1
88	923.23	654.52	1
89	922.13	654.52	1
90	922.13	655.62	1
91	921.02	657.83	1
92	919.92	658.38	1
93	919.37	659.49	1
94	918.26	659.49	1
95	915.5	661.14	1
96	914.4	661.7	1
97	913.84	661.7	1
98	910.53	663.9	1
99	908.87	665.01	1
100	907.22	665.56	1
101	906.67	665.56	1
102	904.46	667.22	1
103	902.8	668.87	1
104	901.7	668.87	1
105	901.7	668.87	1
106	901.14	669.43	1
107	898.94	670.53	1
108	897.83	670.53	1
109	893.97	672.74	1
110	891.76	674.4	1
111	890.1	674.4	1
112	888.44	676.05	1
113	887.89	676.05	1
114	886.24	677.71	1
115	884.58	678.81	1
116	884.03	678.81	1
117	884.03	679.92	1
118	882.92	679.92	1
119	880.71	681.57	1
120	879.06	682.13	1
121	876.85	683.78	1
122	875.19	685.44	1
123	873.54	685.99	1
124	871.88	687.1	1
125	871.33	687.65	1
126	869.67	688.2	1
127	868.02	689.3	1
128	867.46	689.86	1
129	865.81	692.62	1
130	865.25	693.17	1
131	864.15	693.72	1
132	862.49	694.83	1
133	860.84	696.48	1
134	860.29	697.03	1
135	856.97	700.35	1
136	856.42	700.35	1
137	856.42	700.35	1
138	854.76	700.9	1
139	853.11	702	1
140	851.45	702.56	1
141	847.59	704.76	1
142	847.03	704.76	1
143	844.83	705.87	1
144	843.72	705.87	1
145	840.41	707.52	1
146	838.2	708.08	1
147	837.65	708.63	1
148	836.54	709.73	1
149	836.54	709.73	1
150	836.54	709.73	1
151	836.54	709.73	1
152	836.54	709.73	1
153	835.99	709.73	1
154	833.78	710.29	1
155	832.13	711.39	1
156	830.47	711.94	1
157	827.16	713.05	1
158	824.4	714.15	1
159	823.29	714.15	1
160	820.53	715.25	1
161	817.77	715.81	1
162	817.22	715.81	1
163	817.22	716.91	1
164	815.56	717.46	1
165	815.56	717.46	1
166	815.01	717.46	1
167	813.35	717.46	1
168	810.59	718.57	1
169	806.73	718.57	1
170	805.07	718.57	1
171	802.31	718.02	1
172	799	718.02	1
173	793.48	718.02	1
174	791.82	718.02	1
175	787.95	718.57	1
176	785.19	719.12	1
177	784.09	719.12	1
178	784.09	719.67	1
179	782.43	719.67	1
180	780.22	721.33	1
181	780.22	721.33	1
182	780.22	721.33	1
183	779.67	721.33	1
184	775.25	723.54	1
185	775.25	723.54	1
186	775.25	723.54	1
187	775.25	724.64	1
188	774.7	724.64	1
189	774.15	725.19	1
190	772.49	726.3	1
191	769.73	727.95	1
192	767.52	729.06	1
193	765.87	730.16	1
194	762	732.37	1
195	760.35	733.48	1
196	759.79	734.03	1
197	758.14	734.58	1
198	754.83	737.34	1
199	754.27	737.34	1
200	753.72	737.89	1
201	752.06	739	1
202	749.86	740.1	1
203	748.75	740.1	1
204	746.54	741.76	1
205	744.33	743.41	1
206	743.23	743.41	1
207	741.57	745.07	1
208	739.37	747.28	1
209	737.71	748.38	1
210	737.16	748.94	1
211	736.05	749.49	1
212	736.05	749.49	1
213	736.05	749.49	1
214	735.5	749.49	1
215	732.19	749.49	1
216	729.43	749.49	1
217	727.77	749.49	1
218	727.77	749.49	1
219	726.67	750.59	1
220	722.8	751.14	1
221	722.25	752.25	1
222	722.25	752.25	1
223	722.25	752.25	1
224	721.14	752.25	1
225	721.14	752.25	1
226	719.49	752.8	1
227	718.94	754.46	1
228	718.38	754.46	1
229	717.28	754.46	1
230	715.62	756.11	1
231	715.07	756.11	1
232	712.86	756.67	1
233	712.86	757.77	1
234	711.76	757.77	1
235	711.76	757.77	1
236	710.1	757.77	1
237	707.89	758.32	1
238	704.03	759.98	1
239	702.37	760.53	1
240	700.71	761.63	1
241	700.16	761.63	1
242	698.51	762.19	1
243	696.85	763.29	1
244	696.3	763.29	1
245	692.98	765.5	1
246	691.33	766.05	1
247	691.33	766.05	1
248	690.78	766.05	1
249	689.67	767.16	1
250	689.12	767.71	1
251	687.46	769.37	1
252	687.46	769.37	1
253	687.46	769.37	1
254	687.46	769.37	1
255	686.91	769.37	1
256	685.81	771.02	1
257	684.15	772.68	1
258	679.18	779.3	1
