2	964.79	537.35	1
3	964.22	536.78	1
4	964.22	536.78	1
5	964.22	536.78	1
6	964.22	536.78	1
7	964.22	536.78	1
8	964.79	536.78	1
9	964.79	536.78	1
10	964.79	536.78	1
11	964.79	536.78	1
12	964.79	536.78	1
13	964.79	536.78	1
14	964.79	536.78	1
15	963.07	537.35	1
16	961.36	538.5	1
17	961.36	538.5	1
18	961.36	538.5	1
19	966.51	537.35	1
20	966.51	537.35	1
21	966.51	540.21	1
22	966.51	540.21	1
23	966.51	540.79	1
24	966.51	540.79	1
25	966.51	540.79	1
26	968.22	541.36	1
27	968.79	541.36	1
28	968.79	543.07	1
29	968.79	543.07	1
30	968.79	543.07	1
31	968.79	543.07	1
32	968.22	545.93	1
33	968.22	548.79	1
34	968.22	550.51	1
35	969.94	552.23	1
36	969.94	552.23	1
37	969.94	552.8	1
38	970.51	557.95	1
39	971.65	559.66	1
40	971.65	561.38	1
41	971.65	561.95	1
42	969.37	565.38	1
43	968.79	569.39	1
44	968.79	569.39	1
45	968.79	571.68	1
46	972.23	576.82	1
47	973.37	577.4	1
48	973.37	577.4	1
49	973.37	577.4	1
50	973.37	577.4	1
51	974.51	580.83	1
52	975.66	580.83	1
53	975.66	580.83	1
54	975.66	583.69	1
55	975.66	585.4	1
56	972.8	591.12	1
57	971.08	593.99	1
58	971.08	594.56	1
59	970.51	595.13	1
60	970.51	595.13	1
61	971.65	596.27	1
62	973.37	596.85	1
63	975.66	598.56	1
64	975.66	598.56	1
65	975.66	598.56	1
66	975.66	598.56	1
67	975.66	598.56	1
68	975.66	598.56	1
69	976.23	600.28	1
70	976.23	600.28	1
71	976.23	600.28	1
72	976.23	600.85	1
73	977.95	603.71	1
74	977.95	604.28	1
75	977.95	604.28	1
76	977.95	604.28	1
77	979.66	607.71	1
78	979.66	608.29	1
79	980.24	610	1
80	980.24	610	1
81	980.24	614.01	1
82	980.24	615.72	1
83	980.24	615.72	1
84	980.24	615.72	1
85	981.38	616.29	1
86	981.38	616.29	1
87	983.1	618.01	1
88	984.81	619.15	1
89	985.38	620.3	1
90	985.38	620.3	1
91	985.38	621.44	1
92	987.67	627.16	1
93	988.82	627.74	1
94	989.96	631.17	1
95	991.1	632.88	1
96	991.68	633.46	1
97	991.68	635.17	1
98	992.82	636.89	1
99	992.82	636.89	1
100	992.82	636.89	1
101	992.82	637.46	1
102	995.68	644.32	1
103	995.68	644.32	1
104	995.68	644.32	1
105	997.4	646.61	1
106	999.11	648.9	1
107	1000.3	650.04	1
108	1000.8	652.33	1
109	1001.4	654.05	1
110	1001.4	656.34	1
111	1002.5	658.62	1
112	1002.5	660.34	1
113	1002.5	660.34	1
114	1002.5	660.34	1
115	1003.1	662.06	1
116	1004.3	663.77	1
117	1004.3	663.77	1
118	1004.3	663.77	1
119	1004.8	666.06	1
120	1006.5	667.78	1
121	1008.3	669.49	1
122	1008.3	669.49	1
123	1008.3	669.49	1
124	1008.3	670.07	1
125	1008.3	670.07	1
126	1012.8	673.5	1
127	1014.6	675.21	1
128	1014.6	675.21	1
129	1014.6	675.21	1
130	1015.7	675.21	1
131	1016.3	675.79	1
132	1018.6	677.5	1
133	1018.6	677.5	1
134	1018.6	678.07	1
135	1018.6	679.79	1
136	1021.4	682.65	1
137	1022.6	683.79	1
138	1025.4	684.94	1
139	1026.6	685.51	1
140	1028.3	686.65	1
141	1029.4	687.23	1
142	1031.1	687.8	1
143	1032.3	689.51	1
144	1035.7	692.38	1
145	1038	694.66	1
146	1039.2	695.24	1
147	1039.7	696.38	1
148	1040.9	696.95	1
149	1040.9	696.95	1
150	1041.4	698.1	1
151	1043.2	698.67	1
152	1043.2	698.67	1
153	1043.2	698.67	1
154	1044.9	700.38	1
155	1045.4	702.1	1
156	1051.2	706.68	1
157	1051.2	707.82	1
158	1051.2	707.82	1
159	1051.2	707.82	1
160	1051.2	707.82	1
161	1051.2	707.82	1
162	1051.2	707.82	1
163	1052.9	708.39	1
164	1053.5	708.96	1
165	1056.9	711.82	1
166	1058.6	714.11	1
167	1060.9	716.4	1
168	1062	717.54	1
169	1063.2	718.12	1
170	1067.8	720.4	1
171	1070	722.12	1
172	1071.8	723.26	1
173	1073.5	723.84	1
174	1074	724.41	1
175	1075.8	725.55	1
176	1077.5	727.27	1
177	1078.6	727.84	1
178	1078.6	728.99	1
179	1078.6	728.99	1
180	1078.6	728.99	1
181	1079.8	728.99	1
182	1079.8	728.99	1
183	1080.3	729.56	1
184	1082.1	730.13	1
185	1083.8	731.85	1
186	1085.5	734.71	1
187	1085.5	734.71	1
188	1085.5	734.71	1
189	1087.2	735.85	1
190	1089.5	738.71	1
191	1091.2	741	1
192	1094.6	743.29	1
193	1094.6	743.29	1
194	1094.6	744.43	1
195	1097.5	746.72	1
196	1098.6	748.43	1
197	1098.6	748.43	1
198	1099.8	750.15	1
199	1100.9	750.72	1
200	1100.9	750.72	1
201	1100.9	751.29	1
202	1101.5	752.44	1
203	1103.2	754.15	1
204	1103.2	754.73	1
205	1104.9	756.44	1
206	1106.7	757.01	1
207	1107.2	758.73	1
208	1108.4	758.73	1
209	1108.9	758.73	1
210	1110.7	760.45	1
211	1112.4	761.02	1
212	1114.1	761.02	1
213	1116.4	762.74	1
214	1117	762.74	1
215	1118.7	764.45	1
216	1121	766.17	1
217	1122.7	766.74	1
218	1122.7	766.74	1
219	1122.7	766.74	1
220	1122.7	766.74	1
221	1122.7	766.74	1
222	1122.7	767.88	1
223	1123.8	767.88	1
224	1126.1	771.32	1
225	1128.4	771.89	1
226	1131.8	775.32	1
227	1132.4	775.89	1
228	1134.1	777.61	1
229	1136.4	779.9	1
230	1139.3	781.04	1
231	1139.3	781.04	1
232	1139.8	781.04	1
233	1139.8	781.04	1
234	1143.3	781.04	1
235	1145	780.47	1
236	1145.6	780.47	1
237	1147.8	781.04	1
238	1149	781.04	1
239	1150.7	781.04	1
240	1150.7	781.04	1
241	1151.3	781.04	1
242	1151.8	781.04	1
243	1153	781.61	1
244	1153.6	781.61	1
245	1153.6	782.18	1
246	1154.7	782.18	1
247	1157.6	783.33	1
248	1161	785.04	1
249	1162.7	786.76	1
250	1164.4	789.05	1
251	1166.7	792.48	1
252	1168.4	795.34	1
253	1170.2	796.49	1
254	1170.2	795.34	1
255	1170.2	794.2	1
256	1170.2	794.2	1
257	1175.3	794.2	1
258	1181	800.49	1
259	1179.9	795.34	1
260	1179.9	795.34	1
261	1181.6	796.49	1
262	1185	798.2	1
263	1187.3	798.77	1
264	1189	798.77	1
265	1190.7	799.35	1
266	1190.7	799.35	1
267	1192.5	799.35	1
268	1193.6	800.49	1
269	1194.7	801.06	1
270	1196.5	802.21	1
271	1197	802.78	1
272	1201	802.78	1
273	1201	802.78	1
274	1202.2	801.63	1
275	1206.2	801.63	1
276	1206.8	802.21	1
277	1206.8	802.21	1
278	1212.5	802.21	1
279	1213.6	802.21	1
280	1213.6	802.21	1
281	1214.8	802.78	1
282	1216.5	802.78	1
283	1217.6	803.92	1
284	1219.3	803.92	1
285	1219.3	803.92	1
286	1219.9	803.92	1
287	1220.5	804.49	1
288	1223.9	804.49	1
289	1225.1	804.49	1
290	1227.4	804.49	1
291	1227.9	804.49	1
292	1227.9	804.49	1
293	1227.9	804.49	1
294	1231.4	803.35	1
295	1231.9	803.35	1
296	1233.1	803.35	1
297	1234.8	803.35	1
298	1234.8	803.35	1
299	1237.1	802.78	1
300	1239.4	803.35	1
301	1242.2	803.92	1
302	1243.9	803.35	1
303	1243.4	805.07	1
304	1249.1	805.07	1
