2	969.94	540.21	1
3	969.94	540.21	1
4	971.08	540.79	1
5	971.65	539.64	1
6	971.65	539.64	1
7	971.65	539.64	1
8	971.65	539.07	1
9	971.65	539.07	1
10	971.65	539.07	1
11	971.65	539.07	1
12	971.65	539.07	1
13	971.65	539.07	1
14	971.65	539.07	1
15	977.38	542.5	1
16	978.52	543.07	1
17	977.95	544.22	1
18	977.95	544.22	1
19	977.38	544.22	1
20	973.94	544.79	1
21	973.94	545.93	1
22	973.94	545.93	1
23	973.94	547.65	1
24	973.94	548.79	1
25	973.94	549.94	1
26	976.23	553.37	1
27	976.23	553.94	1
28	977.38	556.23	1
29	979.09	560.24	1
30	980.24	561.38	1
31	981.38	571.1	1
32	981.38	571.1	1
33	981.38	572.82	1
34	984.81	576.82	1
35	985.96	576.82	1
36	988.24	577.4	1
37	988.24	578.54	1
38	988.24	578.54	1
39	988.24	580.83	1
40	987.67	584.26	1
41	987.67	584.26	1
42	987.67	585.4	1
43	987.67	587.12	1
44	988.24	588.26	1
45	988.82	591.12	1
46	989.96	593.99	1
47	989.96	596.85	1
48	989.96	597.99	1
49	989.96	597.42	1
50	989.96	597.42	1
51	989.96	602.57	1
52	989.96	603.71	1
53	989.96	604.28	1
54	989.96	604.28	1
55	989.96	605.43	1
56	991.68	609.43	1
57	992.25	611.15	1
58	992.25	611.72	1
59	992.25	613.43	1
60	992.82	615.72	1
61	993.96	616.29	1
62	995.68	618.01	1
63	997.4	619.73	1
64	997.97	620.87	1
65	999.68	620.87	1
66	1000.3	622.01	1
67	1001.4	625.45	1
68	1002	626.59	1
69	1002	627.16	1
70	1002	627.74	1
71	1002	629.45	1
72	1002	631.17	1
73	1002	631.17	1
74	1002	631.17	1
75	1002	631.17	1
76	1002.5	634.6	1
77	1003.7	636.89	1
78	1004.3	636.89	1
79	1005.4	640.32	1
80	1006	644.32	1
81	1007.1	644.9	1
82	1007.1	646.61	1
83	1007.7	648.9	1
84	1007.7	651.76	1
85	1009.4	655.76	1
86	1009.4	655.76	1
87	1009.4	655.76	1
88	1009.4	655.76	1
89	1010	657.48	1
90	1010	658.05	1
91	1011.1	658.62	1
92	1011.7	661.49	1
93	1012.8	663.77	1
94	1012.8	664.35	1
95	1014	667.78	1
96	1016.8	670.07	1
97	1016.8	670.07	1
98	1017.4	671.78	1
99	1019.1	675.21	1
100	1019.1	675.21	1
101	1019.7	675.79	1
102	1020.8	677.5	1
103	1021.4	679.22	1
104	1021.4	679.22	1
105	1021.4	679.79	1
106	1023.1	682.65	1
107	1023.7	684.94	1
108	1024.9	685.51	1
109	1024.9	686.65	1
110	1026.6	688.37	1
111	1027.1	688.94	1
112	1027.1	689.51	1
113	1028.3	690.66	1
114	1028.9	692.95	1
115	1029.4	694.09	1
116	1031.1	695.24	1
117	1032.3	696.95	1
118	1032.9	698.67	1
119	1032.9	698.67	1
120	1034	700.38	1
121	1034	700.96	1
122	1034.6	702.1	1
123	1035.2	703.82	1
124	1036.3	706.1	1
125	1036.3	706.1	1
126	1036.3	706.68	1
127	1036.3	706.68	1
128	1038	709.54	1
129	1038.6	710.68	1
130	1038.6	710.68	1
131	1040.3	711.82	1
132	1043.7	715.26	1
133	1044.3	715.26	1
134	1044.9	717.54	1
135	1046.6	719.26	1
136	1047.7	719.83	1
137	1048.3	720.98	1
138	1050	722.12	1
139	1051.7	724.98	1
140	1052.3	725.55	1
141	1053.5	726.12	1
142	1054	727.27	1
143	1055.7	728.99	1
144	1057.5	731.85	1
145	1057.5	731.85	1
146	1057.5	731.85	1
147	1060.3	736.42	1
148	1062	737.57	1
149	1062	738.71	1
150	1063.2	740.43	1
151	1064.9	742.14	1
152	1065.5	742.71	1
153	1067.2	745	1
154	1068.9	746.72	1
155	1068.9	747.29	1
156	1069.5	749.01	1
157	1071.2	750.72	1
158	1071.2	751.87	1
159	1071.2	751.87	1
160	1071.2	751.87	1
161	1071.2	751.87	1
162	1071.2	751.87	1
163	1073.5	753.01	1
164	1075.2	754.15	1
165	1076.9	756.44	1
166	1077.5	757.59	1
167	1078.6	757.59	1
168	1079.2	758.73	1
169	1080.3	758.73	1
170	1081.5	761.59	1
171	1084.3	763.88	1
172	1084.3	763.88	1
173	1086.1	764.45	1
174	1086.6	766.17	1
175	1088.3	767.88	1
176	1091.8	770.17	1
177	1092.4	771.32	1
178	1092.9	771.89	1
179	1094.6	773.03	1
180	1094.6	773.03	1
181	1096.4	774.18	1
182	1098.1	775.32	1
183	1098.1	775.32	1
184	1099.8	777.04	1
185	1099.8	777.04	1
186	1100.4	777.04	1
187	1102.1	777.61	1
188	1103.8	779.32	1
189	1106.1	779.9	1
190	1106.1	779.9	1
191	1106.1	779.9	1
192	1106.1	779.9	1
193	1106.1	781.04	1
194	1108.4	782.76	1
195	1111.2	783.9	1
196	1111.2	783.9	1
197	1111.2	783.9	1
198	1111.8	785.04	1
199	1114.1	785.04	1
200	1117.5	785.04	1
201	1119.2	785.62	1
202	1122.7	786.76	1
203	1125	787.33	1
204	1125.5	788.48	1
205	1125.5	788.48	1
206	1125.5	788.48	1
207	1128.4	789.62	1
208	1130.7	792.48	1
209	1132.4	793.05	1
210	1133	794.2	1
211	1133	794.2	1
212	1134.7	795.34	1
213	1137	797.06	1
214	1137	798.2	1
215	1139.3	798.77	1
216	1142.1	801.06	1
217	1142.1	801.06	1
218	1142.7	801.06	1
219	1142.7	801.06	1
220	1144.4	802.21	1
221	1146.7	803.92	1
222	1147.8	804.49	1
223	1148.4	804.49	1
224	1149	805.07	1
225	1151.8	805.07	1
226	1152.4	806.21	1
227	1155.8	807.93	1
228	1156.4	808.5	1
229	1158.1	809.64	1
230	1159.9	810.79	1
231	1159.9	810.79	1
232	1161.6	810.79	1
233	1161.6	810.79	1
234	1161.6	811.93	1
235	1161.6	811.93	1
236	1162.1	811.93	1
237	1165.6	812.5	1
238	1165.6	812.5	1
239	1166.1	812.5	1
240	1166.1	812.5	1
241	1166.1	812.5	1
242	1167.9	813.65	1
243	1170.2	815.93	1
244	1171.3	816.51	1
245	1173.6	818.22	1
246	1175.9	819.37	1
247	1180.4	818.79	1
248	1180.4	818.79	1
249	1181	818.79	1
250	1181.6	818.79	1
251	1182.7	818.79	1
252	1183.3	818.79	1
253	1184.5	818.79	1
254	1184.5	818.79	1
255	1186.7	819.94	1
256	1190.2	822.23	1
257	1190.7	823.37	1
258	1193	825.66	1
259	1193	825.66	1
260	1193	825.66	1
261	1193	825.66	1
262	1194.2	826.23	1
263	1194.7	827.37	1
264	1196.5	827.37	1
265	1198.8	829.09	1
266	1199.9	829.09	1
267	1199.9	829.09	1
268	1205.6	830.81	1
269	1206.2	831.38	1
270	1207.9	831.95	1
271	1207.9	831.95	1
272	1209.6	833.1	1
273	1211.9	835.38	1
274	1212.5	835.38	1
275	1212.5	835.38	1
276	1212.5	835.38	1
277	1212.5	835.38	1
278	1212.5	836.53	1
279	1215.3	838.82	1
280	1215.3	838.82	1
281	1215.3	838.82	1
282	1215.3	838.82	1
283	1215.3	838.82	1
284	1215.3	838.82	1
285	1217.1	840.53	1
286	1217.1	840.53	1
287	1217.1	840.53	1
288	1217.1	840.53	1
289	1217.6	840.53	1
290	1221.1	843.39	1
291	1222.2	845.11	1
292	1223.9	846.25	1
293	1229.1	846.82	1
294	1229.1	846.82	1
295	1229.1	846.82	1
296	1231.4	846.82	1
297	1240.5	850.26	1
