2	987.1	531.63	1
3	987.1	531.63	1
4	987.1	531.63	1
5	987.67	531.63	1
6	992.25	529.92	1
7	992.25	529.92	1
8	992.25	528.77	1
9	992.25	528.77	1
10	992.25	528.77	1
11	992.25	528.77	1
12	992.25	528.77	1
13	992.25	528.77	1
14	992.25	528.77	1
15	992.25	528.2	1
16	992.25	524.77	1
17	992.82	523.05	1
18	995.11	518.48	1
19	996.25	516.76	1
20	996.25	516.76	1
21	995.68	513.33	1
22	995.68	512.76	1
23	995.68	507.61	1
24	996.82	506.46	1
25	998.54	503.6	1
26	999.11	501.32	1
27	1000.8	499.03	1
28	1004.3	495.02	1
29	1004.8	493.88	1
30	1004.8	493.88	1
31	1004.8	493.88	1
32	1004.8	493.88	1
33	1008.8	491.02	1
34	1010	486.44	1
35	1010.6	483.58	1
36	1012.3	480.15	1
37	1014	474.43	1
38	1014	473.86	1
39	1014.6	472.14	1
40	1014.6	472.14	1
41	1014.6	472.14	1
42	1014.6	472.14	1
43	1017.4	469.85	1
44	1018.6	468.71	1
45	1020.3	466.99	1
46	1024.3	461.27	1
47	1024.3	460.7	1
48	1024.3	460.7	1
49	1024.3	458.99	1
50	1024.3	457.27	1
51	1023.7	456.7	1
52	1022	454.41	1
53	1020.3	451.55	1
54	1020.3	451.55	1
55	1020.3	450.98	1
56	1020.3	450.98	1
57	1020.3	450.98	1
58	1019.1	450.98	1
59	1018.6	446.97	1
60	1018.6	443.54	1
61	1018.6	439.54	1
62	1018.6	438.96	1
63	1018.6	437.82	1
64	1018	436.1	1
65	1016.8	433.82	1
66	1016.3	431.53	1
67	1016.3	428.67	1
68	1016.3	424.09	1
69	1016.3	418.37	1
70	1016.3	417.8	1
71	1016.3	417.8	1
72	1016.3	413.22	1
73	1016.3	409.22	1
74	1016.3	409.22	1
75	1018	407.5	1
76	1021.4	406.36	1
77	1023.1	405.21	1
78	1024.3	401.21	1
79	1025.4	400.64	1
80	1025.4	399.49	1
81	1025.4	398.92	1
82	1025.4	396.63	1
83	1025.4	391.49	1
84	1026	390.91	1
85	1026	387.48	1
86	1026	385.19	1
87	1026	383.48	1
88	1026	381.76	1
89	1026	380.04	1
90	1023.7	376.61	1
91	1020.8	375.47	1
92	1020.8	373.75	1
93	1020.3	372.61	1
94	1020.3	372.61	1
95	1019.1	370.32	1
96	1018	368.6	1
97	1018	366.89	1
98	1016.8	365.74	1
99	1015.1	364.03	1
100	1014.6	361.17	1
101	1014.6	360.6	1
102	1014.6	360.6	1
103	1014	360.02	1
104	1012.8	358.31	1
105	1012.8	355.45	1
106	1012.8	354.88	1
107	1012.3	354.3	1
108	1011.1	349.15	1
109	1010.6	346.87	1
110	1010.6	345.72	1
111	1009.4	344.58	1
112	1008.8	340	1
113	1008.3	336	1
114	1007.1	334.28	1
115	1003.7	327.42	1
116	1003.1	323.99	1
117	1002.5	323.99	1
118	1002.5	323.99	1
119	1002.5	323.41	1
120	999.68	319.98	1
121	999.68	318.84	1
122	999.68	318.26	1
123	997.4	312.54	1
124	996.82	311.97	1
125	996.82	310.26	1
126	995.68	310.26	1
127	995.68	307.97	1
128	995.11	304.54	1
129	993.96	301.1	1
130	993.39	295.38	1
131	992.82	292.52	1
132	992.82	291.38	1
133	991.68	287.95	1
134	991.68	287.95	1
135	991.68	287.95	1
136	991.68	287.95	1
137	991.68	287.38	1
138	991.68	287.38	1
139	989.96	285.66	1
140	989.39	283.37	1
141	989.39	282.23	1
142	988.24	281.65	1
143	987.67	279.94	1
144	982.52	268.5	1
145	981.95	266.21	1
146	981.95	266.21	1
147	981.95	266.21	1
148	981.38	266.21	1
149	977.38	266.21	1
150	976.23	265.64	1
151	976.23	265.64	1
152	975.66	264.49	1
153	975.66	264.49	1
154	973.94	262.78	1
155	973.94	262.78	1
156	972.8	262.21	1
157	971.65	260.49	1
158	968.79	258.77	1
159	967.08	256.49	1
160	964.79	254.2	1
161	964.22	252.48	1
162	963.07	251.34	1
163	962.5	250.76	1
164	961.93	249.05	1
165	960.79	247.33	1
166	959.07	245.62	1
167	958.5	244.47	1
168	956.78	241.04	1
169	954.49	235.89	1
170	952.78	231.32	1
171	951.63	231.32	1
172	951.63	231.32	1
173	951.06	229.6	1
174	950.49	226.17	1
175	950.49	226.17	1
176	949.35	224.45	1
177	947.06	221.59	1
178	945.91	219.88	1
179	945.34	218.16	1
180	945.34	217.59	1
181	944.77	216.44	1
182	944.77	216.44	1
183	944.77	216.44	1
184	944.77	216.44	1
185	943.05	213.58	1
186	941.91	211.87	1
187	939.05	207.86	1
188	937.33	206.15	1
189	935.04	204.43	1
190	932.18	201	1
191	930.47	198.71	1
192	930.47	198.71	1
193	930.47	198.14	1
194	929.32	196.42	1
195	928.18	194.71	1
196	926.46	193.56	1
197	926.46	192.99	1
198	925.32	191.27	1
199	924.18	191.27	1
200	924.18	190.7	1
201	922.46	189.56	1
202	922.46	188.99	1
203	921.89	187.84	1
204	920.74	187.84	1
205	920.17	187.27	1
206	919.6	186.7	1
207	918.46	185.55	1
208	914.45	183.26	1
209	912.16	181.55	1
210	910.45	180.98	1
211	908.73	178.12	1
212	907.01	177.54	1
213	907.01	176.97	1
214	906.44	175.83	1
215	905.3	175.83	1
216	904.73	175.26	1
217	904.73	175.26	1
218	904.73	175.26	1
219	904.15	175.26	1
220	902.44	174.11	1
221	899.58	172.4	1
222	897.29	170.11	1
223	895	168.39	1
224	892.71	166.1	1
225	889.85	164.39	1
226	886.99	162.1	1
227	885.28	160.38	1
228	885.28	160.38	1
229	884.13	159.81	1
230	881.85	158.67	1
231	881.27	158.1	1
232	880.13	158.1	1
233	879.56	158.1	1
234	878.41	156.95	1
235	877.84	156.95	1
236	876.12	156.38	1
237	874.41	155.81	1
238	872.12	154.09	1
239	869.83	152.95	1
240	866.4	152.38	1
241	862.97	150.66	1
242	861.82	150.09	1
243	860.68	150.09	1
244	858.96	148.94	1
245	856.68	147.23	1
246	854.96	146.65	1
247	854.96	146.65	1
248	854.39	144.94	1
249	853.24	144.37	1
250	852.67	142.65	1
251	850.96	140.36	1
252	850.96	140.36	1
253	850.96	140.36	1
254	850.38	139.22	1
255	850.38	139.22	1
256	846.95	137.5	1
257	846.38	136.93	1
258	843.52	135.21	1
259	839.51	132.93	1
260	838.94	131.78	1
261	838.94	131.78	1
262	837.8	131.78	1
263	836.08	130.07	1
264	831.51	132.35	1
265	834.94	128.92	1
266	828.65	129.49	1
267	826.93	127.21	1
268	829.22	125.49	1
269	824.64	128.35	1
270	824.64	125.49	1
271	822.35	126.63	1
272	821.78	126.06	1
273	819.49	127.21	1
274	817.78	127.21	1
275	815.49	124.92	1
276	814.35	125.49	1
277	812.06	125.49	1
278	812.06	128.35	1
279	810.34	127.21	1
280	806.34	128.35	1
