2	971.65	543.07	1
3	971.65	543.07	1
4	972.8	542.5	1
5	974.51	541.93	1
6	976.23	541.93	1
7	976.23	541.93	1
8	976.23	541.93	1
9	976.23	541.93	1
10	976.8	541.93	1
11	976.8	540.79	1
12	976.8	540.79	1
13	976.8	540.79	1
14	976.8	540.79	1
15	975.66	541.36	1
16	975.66	541.36	1
17	975.66	541.36	1
18	975.66	541.36	1
19	975.66	541.36	1
20	975.66	541.36	1
21	977.38	540.79	1
22	977.38	540.79	1
23	976.8	540.79	1
24	976.8	540.79	1
25	976.8	540.21	1
26	977.38	539.64	1
27	977.38	539.64	1
28	977.38	539.64	1
29	977.38	539.64	1
30	980.81	536.78	1
31	980.81	536.78	1
32	977.38	537.35	1
33	977.38	537.35	1
34	981.38	535.07	1
35	984.24	534.49	1
36	985.96	533.92	1
37	986.53	533.92	1
38	991.68	533.35	1
39	994.54	533.92	1
40	995.68	532.21	1
41	1003.1	530.49	1
42	1009.4	530.49	1
43	1009.4	531.06	1
44	1011.1	531.06	1
45	1011.1	531.06	1
46	1011.1	532.78	1
47	1016.3	532.78	1
48	1018.6	532.78	1
49	1017.4	534.49	1
50	1017.4	534.49	1
51	1019.7	533.35	1
52	1020.8	536.21	1
53	1020.8	536.21	1
54	1020.8	536.78	1
55	1020.8	536.78	1
56	1020.8	536.78	1
57	1023.7	536.78	1
58	1023.7	536.78	1
59	1026	535.64	1
60	1026	535.64	1
61	1027.7	535.64	1
62	1027.7	535.64	1
63	1030	535.07	1
64	1031.1	535.07	1
65	1034	535.07	1
66	1034	535.07	1
67	1035.7	535.07	1
68	1036.9	535.07	1
69	1037.4	535.07	1
70	1037.4	535.07	1
71	1038	535.07	1
72	1039.7	534.49	1
73	1039.7	534.49	1
74	1039.7	534.49	1
75	1039.7	534.49	1
76	1039.7	534.49	1
77	1040.9	533.35	1
78	1041.4	533.35	1
79	1042	533.35	1
80	1043.2	532.78	1
81	1048.9	532.78	1
82	1048.9	532.78	1
83	1048.9	532.78	1
84	1048.9	532.78	1
85	1049.5	532.78	1
86	1049.5	532.78	1
87	1052.3	531.63	1
88	1052.3	531.63	1
89	1054.6	531.63	1
90	1055.2	531.06	1
91	1056.3	531.06	1
92	1060.3	531.06	1
93	1057.5	531.06	1
94	1057.5	532.21	1
95	1057.5	532.21	1
96	1057.5	532.21	1
97	1057.5	532.21	1
98	1057.5	532.21	1
99	1057.5	532.21	1
100	1057.5	532.21	1
101	1057.5	532.21	1
102	1057.5	532.21	1
103	1057.5	532.21	1
104	1057.5	532.21	1
105	1058.6	531.63	1
106	1058.6	531.63	1
107	1060.3	531.63	1
108	1060.3	531.63	1
109	1060.3	531.63	1
110	1062	531.06	1
111	1062	531.06	1
112	1063.2	531.06	1
113	1063.2	531.06	1
114	1063.2	531.06	1
115	1064.9	531.06	1
116	1064.9	531.06	1
117	1064.9	531.06	1
118	1064.9	531.06	1
119	1064.9	531.06	1
120	1064.9	531.06	1
121	1066.6	531.06	1
122	1066.6	531.06	1
123	1066.6	531.06	1
124	1066.6	531.06	1
125	1065.5	531.06	1
126	1065.5	531.06	1
127	1065.5	531.06	1
128	1065.5	531.06	1
129	1065.5	531.06	1
130	1065.5	531.06	1
131	1065.5	531.06	1
132	1066	531.06	1
133	1068.3	532.78	1
134	1068.3	532.78	1
135	1066.6	534.49	1
136	1066.6	534.49	1
137	1066.6	536.21	1
138	1066.6	537.93	1
139	1070.6	537.35	1
140	1070.6	537.35	1
141	1072.3	541.93	1
142	1074.6	541.93	1
143	1074.6	541.93	1
144	1074.6	541.93	1
145	1075.8	541.93	1
146	1077.5	541.36	1
147	1079.8	542.5	1
148	1079.2	543.65	1
149	1079.2	543.65	1
150	1079.2	543.65	1
151	1079.2	543.65	1
152	1079.8	544.22	1
153	1080.3	544.79	1
154	1080.9	546.51	1
155	1080.9	546.51	1
156	1080.9	549.37	1
157	1080.9	550.51	1
158	1080.9	550.51	1
159	1080.9	550.51	1
160	1082.1	551.65	1
161	1082.1	552.23	1
162	1082.1	552.23	1
163	1083.8	552.23	1
164	1083.8	553.37	1
165	1084.3	553.37	1
166	1086.1	553.94	1
167	1087.2	555.09	1
168	1087.2	555.09	1
169	1087.2	555.09	1
170	1087.8	556.23	1
171	1089.5	557.38	1
172	1090.1	557.95	1
173	1091.2	559.09	1
174	1091.8	559.66	1
175	1091.8	559.66	1
176	1091.8	559.66	1
177	1091.8	560.81	1
178	1090.6	561.38	1
179	1089.5	561.38	1
180	1089.5	561.95	1
181	1088.3	561.95	1
182	1087.8	563.1	1
183	1087.8	563.67	1
184	1090.1	565.96	1
185	1091.2	567.1	1
186	1091.2	567.1	1
187	1092.9	567.67	1
188	1093.5	567.67	1
189	1094.1	568.82	1
190	1095.2	568.82	1
191	1095.8	569.39	1
192	1096.9	570.53	1
193	1097.5	570.53	1
194	1097.5	571.1	1
195	1097.5	572.82	1
196	1098.6	575.11	1
197	1098.6	575.11	1
198	1099.2	577.4	1
199	1099.2	579.11	1
200	1099.8	581.4	1
201	1099.8	582.54	1
202	1099.8	583.12	1
203	1100.9	585.98	1
204	1101.5	587.12	1
205	1101.5	588.26	1
206	1102.7	589.98	1
207	1103.2	591.7	1
208	1104.4	592.84	1
209	1104.4	593.99	1
210	1103.8	593.99	1
211	1103.2	594.56	1
212	1103.2	594.56	1
213	1103.2	597.42	1
214	1103.2	597.42	1
215	1103.2	597.42	1
216	1103.2	598.56	1
217	1103.2	599.71	1
218	1103.2	600.28	1
219	1104.4	601.42	1
220	1104.9	601.42	1
221	1104.9	601.42	1
222	1105.5	602.57	1
223	1106.7	606	1
224	1106.1	607.14	1
225	1105.5	608.29	1
226	1104.9	610	1
227	1104.9	610	1
228	1104.9	612.86	1
229	1104.9	613.43	1
230	1104.9	615.15	1
231	1104.9	615.72	1
232	1103.8	619.15	1
233	1103.8	620.87	1
234	1103.8	620.87	1
235	1103.8	620.87	1
236	1103.8	621.44	1
237	1106.1	626.59	1
238	1111.2	625.45	1
239	1108.4	626.59	1
240	1106.7	631.17	1
241	1106.7	632.88	1
242	1106.7	632.88	1
243	1106.7	632.88	1
244	1107.2	638.03	1
245	1107.8	638.6	1
246	1108.9	639.18	1
247	1109.5	639.18	1
248	1109.5	639.18	1
249	1109.5	642.61	1
250	1110.1	644.32	1
251	1111.2	644.9	1
252	1111.8	646.61	1
253	1112.9	648.33	1
254	1112.9	650.04	1
255	1113.5	650.04	1
256	1113.5	650.62	1
257	1114.7	650.62	1
258	1114.7	654.05	1
259	1114.7	655.76	1
260	1114.7	656.34	1
261	1114.7	659.77	1
262	1114.7	663.2	1
263	1114.7	664.92	1
264	1114.7	664.92	1
265	1114.7	665.49	1
266	1114.7	667.78	1
267	1114.7	668.92	1
268	1114.7	669.49	1
269	1114.7	670.64	1
270	1114.7	672.93	1
271	1113.5	674.64	1
272	1112.4	675.21	1
273	1112.4	677.5	1
274	1112.4	677.5	1
275	1111.8	677.5	1
276	1110.7	678.65	1
277	1110.7	680.93	1
278	1111.2	682.65	1
279	1111.8	683.22	1
280	1113.5	684.94	1
281	1114.7	688.37	1
282	1114.7	688.94	1
283	1115.8	690.09	1
284	1115.8	690.09	1
285	1115.8	690.09	1
286	1115.8	690.09	1
287	1108.4	692.38	1
288	1117.5	694.66	1
289	1115.2	696.38	1
290	1115.8	699.81	1
291	1115.8	700.38	1
292	1119.2	700.38	1
293	1119.2	700.38	1
294	1117.5	702.1	1
295	1116.4	703.82	1
296	1115.8	705.53	1
297	1115.8	706.1	1
298	1115.8	709.54	1
299	1117	711.25	1
300	1117	711.82	1
301	1117.5	713.54	1
302	1117.5	714.11	1
303	1117.5	717.54	1
304	1116.4	718.12	1
305	1116.4	719.26	1
306	1116.4	720.98	1
307	1116.4	723.26	1
308	1121	723.26	1
309	1121	723.26	1
310	1121	723.26	1
311	1121	723.26	1
312	1121.5	723.26	1
313	1126.1	729.56	1
314	1126.1	730.7	1
315	1126.1	734.71	1
316	1126.1	735.28	1
317	1125	736.99	1
318	1125	738.14	1
319	1123.2	740.43	1
320	1123.2	741	1
321	1123.2	742.14	1
322	1123.2	742.14	1
323	1124.4	745	1
324	1124.4	746.15	1
325	1124.4	746.15	1
326	1124.4	747.86	1
327	1124.4	748.43	1
328	1124.4	750.15	1
329	1125	750.72	1
330	1125	753.58	1
331	1126.1	754.73	1
332	1126.1	755.87	1
333	1126.7	757.59	1
334	1126.7	758.16	1
335	1127.2	760.45	1
336	1127.2	760.45	1
337	1127.2	761.59	1
338	1127.2	761.59	1
339	1128.4	763.31	1
340	1128.4	765.6	1
341	1128.4	767.31	1
342	1127.2	770.17	1
343	1127.2	771.32	1
344	1125	774.75	1
345	1123.8	775.89	1
346	1123.8	777.04	1
347	1123.8	778.75	1
348	1123.8	778.75	1
349	1123.8	778.75	1
350	1123.8	778.75	1
351	1122.1	781.04	1
352	1121.5	782.76	1
353	1121.5	784.47	1
354	1121	784.47	1
355	1121	785.04	1
356	1121	787.33	1
357	1119.8	788.48	1
358	1119.8	790.19	1
359	1119.8	790.76	1
360	1119.8	791.34	1
361	1119.8	792.48	1
362	1118.1	794.77	1
363	1118.1	796.49	1
364	1118.1	797.06	1
365	1117.5	798.2	1
366	1117.5	800.49	1
367	1117.5	802.21	1
368	1117.5	802.78	1
369	1117.5	806.21	1
370	1117.5	806.21	1
371	1116.4	806.21	1
372	1115.2	806.78	1
373	1114.1	808.5	1
374	1113.5	809.64	1
375	1111.8	811.36	1
376	1110.1	813.65	1
377	1110.1	813.65	1
378	1109.5	815.36	1
379	1107.8	817.65	1
380	1106.7	818.22	1
381	1106.1	819.94	1
382	1106.1	821.08	1
383	1104.9	825.66	1
384	1104.9	825.66	1
385	1106.1	827.37	1
386	1106.1	829.09	1
387	1107.2	829.66	1
388	1104.4	832.52	1
389	1104.4	833.1	1
390	1104.4	833.1	1
391	1104.4	833.1	1
392	1102.7	834.81	1
393	1102.7	837.1	1
394	1100.4	839.39	1
395	1100.4	839.39	1
396	1100.4	839.39	1
397	1099.8	842.82	1
398	1099.8	843.39	1
399	1099.8	843.39	1
400	1099.8	844.54	1
401	1099.8	844.54	1
402	1099.8	845.11	1
403	1100.4	847.97	1
404	1100.4	848.54	1
405	1100.4	848.54	1
406	1101.5	850.26	1
407	1101.5	851.97	1
408	1101.5	853.69	1
409	1101.5	855.98	1
410	1101.5	858.26	1
411	1094.1	859.98	1
