1	972.8	519.05	1
2	972.8	519.05	1
3	972.8	519.05	1
4	972.8	519.05	1
5	978.52	527.06	1
6	977.38	528.2	1
7	976.8	528.77	1
8	976.8	530.49	1
9	976.8	531.06	1
10	977.95	532.21	1
11	980.24	531.63	1
12	980.24	531.63	1
13	980.24	531.06	1
14	984.24	528.77	1
15	985.96	527.63	1
16	988.24	523.62	1
17	988.24	523.62	1
18	993.96	519.62	1
19	997.97	517.33	1
20	999.11	516.19	1
21	1003.7	513.9	1
22	1007.1	510.47	1
23	1010.6	508.18	1
24	1011.7	505.89	1
25	1012.8	501.89	1
26	1013.4	500.74	1
27	1013.4	497.31	1
28	1013.4	497.31	1
29	1016.8	496.17	1
30	1016.8	496.17	1
31	1018.6	495.02	1
32	1023.1	492.74	1
33	1023.1	492.74	1
34	1023.1	492.74	1
35	1022.6	492.74	1
36	1022.6	492.74	1
37	1022.6	492.74	1
38	1024.9	491.02	1
39	1024.9	491.02	1
40	1024.9	491.02	1
41	1024.9	491.02	1
42	1024.9	491.02	1
43	1027.7	490.45	1
44	1028.3	490.45	1
45	1030	489.3	1
46	1034.6	487.01	1
47	1035.7	486.44	1
48	1035.7	486.44	1
49	1035.7	486.44	1
50	1032.3	486.44	1
51	1032.3	483.58	1
52	1031.1	483.58	1
53	1031.1	483.58	1
54	1031.1	483.58	1
55	1032.9	480.72	1
56	1034	477.29	1
57	1034	473.86	1
58	1034	472.14	1
59	1039.7	469.28	1
60	1041.4	467.57	1
61	1041.4	467.57	1
62	1041.4	467.57	1
63	1043.2	465.28	1
64	1043.7	465.28	1
65	1043.7	465.28	1
66	1046	463.56	1
67	1046	462.42	1
68	1046	462.42	1
69	1046	462.42	1
70	1046	462.42	1
71	1049.5	454.41	1
72	1049.5	454.41	1
73	1054	452.12	1
74	1054	452.12	1
75	1056.9	449.83	1
76	1058.6	446.4	1
77	1060.9	444.11	1
78	1060.9	444.11	1
79	1060.9	444.11	1
80	1060.9	442.97	1
81	1061.5	442.97	1
82	1061.5	442.97	1
83	1064.9	442.4	1
84	1065.5	441.25	1
85	1067.2	440.68	1
86	1068.9	440.68	1
87	1068.9	439.54	1
88	1069.5	440.11	1
89	1074	440.68	1
90	1074.6	440.68	1
91	1076.3	441.82	1
92	1080.3	442.4	1
93	1083.8	444.11	1
94	1083.8	444.11	1
95	1084.3	444.11	1
96	1089.5	442.4	1
97	1089.5	442.4	1
98	1091.8	441.25	1
99	1095.2	439.54	1
100	1095.2	438.96	1
101	1095.2	438.96	1
102	1097.5	438.39	1
103	1097.5	438.39	1
104	1097.5	438.39	1
105	1097.5	438.39	1
106	1097.5	438.39	1
107	1097.5	438.39	1
108	1098.1	438.39	1
109	1100.9	438.39	1
110	1101.5	438.39	1
111	1101.5	438.39	1
112	1101.5	438.39	1
113	1102.1	438.39	1
114	1103.2	438.39	1
115	1104.9	438.39	1
116	1104.9	438.39	1
117	1105.5	438.96	1
118	1105.5	438.96	1
119	1107.8	438.96	1
120	1107.8	438.96	1
121	1108.9	438.39	1
122	1108.9	438.39	1
123	1108.9	438.39	1
124	1111.8	437.25	1
125	1111.8	437.25	1
126	1111.8	437.25	1
127	1111.8	437.25	1
128	1111.8	437.25	1
129	1112.9	437.25	1
130	1113.5	436.68	1
131	1113.5	435.53	1
132	1114.7	434.39	1
133	1114.7	432.67	1
134	1114.7	432.67	1
135	1114.7	432.67	1
136	1114.7	432.67	1
137	1116.4	431.53	1
138	1117.5	431.53	1
139	1117.5	430.96	1
140	1117.5	430.96	1
141	1121	430.96	1
142	1121	429.81	1
143	1122.1	429.81	1
144	1122.1	429.81	1
145	1122.1	429.81	1
146	1122.1	429.81	1
147	1122.1	429.81	1
148	1122.7	429.81	1
149	1122.7	429.24	1
150	1125	428.67	1
151	1125	428.67	1
152	1125	428.67	1
153	1125	428.67	1
154	1125	428.67	1
155	1126.7	427.52	1
156	1129	426.95	1
157	1130.7	426.95	1
158	1138.7	426.95	1
159	1140.4	426.95	1
160	1140.4	426.95	1
161	1140.4	426.95	1
162	1140.4	426.95	1
163	1140.4	426.95	1
164	1140.4	426.95	1
165	1140.4	426.95	1
166	1140.4	426.95	1
167	1140.4	426.95	1
168	1142.1	426.95	1
169	1145.6	425.81	1
170	1145.6	425.81	1
171	1145.6	425.81	1
172	1145.6	425.81	1
173	1147.3	425.24	1
174	1147.3	425.24	1
175	1147.3	425.24	1
176	1147.3	425.24	1
177	1151.8	425.24	1
178	1151.8	425.24	1
179	1153.6	425.24	1
180	1153.6	425.24	1
181	1153.6	425.24	1
182	1153.6	425.24	1
183	1153.6	425.24	1
184	1154.1	425.24	1
185	1154.1	425.24	1
186	1154.1	425.24	1
187	1158.7	425.24	1
188	1159.9	425.24	1
189	1159.9	425.24	1
190	1163.9	424.09	1
191	1163.9	424.09	1
192	1165	424.09	1
193	1165	424.09	1
194	1165	424.09	1
195	1165	424.09	1
196	1165	424.09	1
197	1168.4	423.52	1
198	1168.4	423.52	1
199	1168.4	422.95	1
200	1168.4	422.95	1
201	1168.4	422.95	1
202	1168.4	422.95	1
203	1168.4	422.95	1
204	1169	422.95	1
205	1169.6	422.95	1
206	1171.3	421.8	1
207	1173	420.09	1
208	1174.7	419.51	1
209	1177	418.94	1
210	1178.2	417.8	1
211	1178.7	417.8	1
212	1179.3	417.23	1
213	1182.2	416.08	1
214	1182.2	415.51	1
215	1183.9	414.37	1
216	1183.9	414.37	1
217	1183.9	414.37	1
218	1185	413.22	1
219	1186.2	411.51	1
220	1186.7	409.79	1
221	1188.5	407.5	1
222	1190.2	405.79	1
223	1191.9	404.64	1
224	1192.5	404.07	1
225	1193.6	402.93	1
226	1195.3	402.35	1
227	1195.9	401.78	1
228	1197.6	400.64	1
229	1198.2	400.64	1
230	1201.6	398.35	1
231	1202.2	397.78	1
232	1203.3	396.63	1
233	1203.9	396.63	1
234	1205.6	394.92	1
235	1207.3	394.35	1
236	1207.3	394.35	1
237	1207.3	394.35	1
238	1209.6	392.63	1
239	1210.8	392.06	1
240	1211.9	390.91	1
241	1214.8	388.62	1
242	1215.3	387.48	1
243	1215.9	387.48	1
244	1215.9	387.48	1
245	1217.1	387.48	1
246	1220.5	386.34	1
247	1221.6	386.34	1
248	1221.6	386.34	1
249	1221.6	386.34	1
250	1221.6	386.34	1
251	1223.3	385.19	1
252	1223.3	385.19	1
253	1225.1	384.62	1
254	1228.5	382.9	1
255	1229.1	382.33	1
256	1233.1	380.62	1
257	1233.1	380.62	1
258	1234.8	379.47	1
259	1234.8	378.9	1
260	1234.8	378.9	1
261	1234.8	378.9	1
262	1235.9	378.9	1
263	1235.9	378.9	1
264	1239.9	370.89	1
265	1239.9	370.89	1
266	1239.9	370.89	1
267	1239.9	369.75	1
268	1239.9	369.75	1
269	1244.5	366.32	1
270	1244.5	366.32	1
271	1244.5	366.32	1
272	1244.5	366.32	1
273	1249.7	364.03	1
274	1250.2	363.46	1
275	1250.2	363.46	1
276	1251.4	363.46	1
277	1252	362.31	1
278	1253.7	361.17	1
279	1257.7	357.74	1
280	1257.7	356.59	1
281	1257.7	356.59	1
282	1257.7	356.59	1
283	1258.2	356.02	1
284	1261.7	353.73	1
285	1263.4	350.87	1
286	1263.4	350.3	1
287	1263.4	349.73	1
288	1262.2	346.87	1
289	1262.2	346.29	1
290	1262.2	346.29	1
291	1262.2	342.86	1
292	1262.2	342.86	1
293	1262.2	342.86	1
294	1262.2	342.86	1
295	1262.2	342.86	1
296	1262.2	342.86	1
297	1262.2	342.86	1
298	1262.8	341.15	1
299	1263.4	340	1
300	1264	338.29	1
301	1268.5	334.28	1
302	1268.5	334.28	1
303	1268.5	334.28	1
304	1272.5	330.85	1
305	1273.7	329.71	1
306	1275.4	328.56	1
307	1277.1	326.85	1
308	1277.1	326.85	1
309	1277.1	325.7	1
310	1277.1	325.7	1
311	1277.1	325.7	1
312	1277.1	325.7	1
313	1281.1	319.98	1
314	1282.3	319.98	1
315	1282.3	319.41	1
316	1282.3	319.41	1
317	1282.3	319.41	1
318	1282.8	318.84	1
319	1284.6	317.12	1
320	1285.1	315.98	1
321	1288	314.26	1
322	1289.1	313.12	1
323	1290.3	313.12	1
324	1292	311.97	1
325	1292.6	311.97	1
326	1293.7	311.97	1
327	1293.7	311.97	1
328	1296	311.4	1
329	1296.6	310.26	1
330	1299.4	309.68	1
331	1302.3	307.97	1
332	1302.3	307.97	1
333	1302.3	307.97	1
334	1303.4	307.97	1
335	1306.3	307.4	1
336	1309.2	306.25	1
337	1309.2	306.25	1
338	1309.2	306.25	1
339	1309.7	306.25	1
340	1312	305.68	1
341	1313.7	305.68	1
342	1313.7	305.68	1
343	1315.4	305.68	1
344	1317.7	304.54	1
345	1321.7	304.54	1
346	1322.9	304.54	1
347	1323.5	304.54	1
348	1323.5	304.54	1
349	1323.5	303.96	1
350	1325.7	300.53	1
351	1326.9	299.96	1
352	1326.9	299.96	1
353	1327.5	298.82	1
354	1328.6	298.24	1
355	1329.2	298.24	1
356	1329.2	298.24	1
357	1329.2	298.24	1
358	1330.3	297.67	1
359	1330.3	297.67	1
360	1330.3	295.96	1
361	1330.9	294.24	1
362	1330.9	294.24	1
363	1330.9	294.24	1
364	1330.9	294.24	1
365	1330.9	294.24	1
366	1330.9	294.24	1
367	1330.9	294.24	1
368	1329.7	294.24	1
369	1329.2	295.38	1
370	1329.2	295.38	1
371	1329.2	295.38	1
372	1329.2	295.38	1
373	1329.2	295.38	1
374	1329.2	295.38	1
375	1329.2	295.38	1
376	1329.2	295.96	1
377	1329.2	295.96	1
378	1329.2	295.96	1
379	1329.2	297.1	1
380	1329.2	297.1	1
381	1330.3	297.1	1
382	1330.9	297.1	1
383	1330.9	297.1	1
384	1330.9	297.1	1
385	1330.9	297.1	1
386	1330.9	297.1	1
387	1330.9	297.1	1
388	1323.5	298.82	1
