1	1007.1	498.46	1
2	1007.1	498.46	1
3	1007.1	498.46	1
4	1007.1	498.46	1
5	1002	497.88	1
6	1002.5	497.31	1
7	1005.4	495.6	1
8	1002	493.88	1
9	1002.5	493.88	1
10	1006.5	492.16	1
11	1006	492.16	1
12	1006	492.16	1
13	1006	492.74	1
14	1006.5	492.16	1
15	1006.5	492.16	1
16	1009.4	490.45	1
17	1009.4	489.88	1
18	1004.8	483.58	1
19	1004.8	483.58	1
20	1004.8	483.58	1
21	1004.8	481.87	1
22	1005.4	477.86	1
23	1005.4	476.15	1
24	1006	475	1
25	1007.7	474.43	1
26	1009.4	472.71	1
27	1010	472.14	1
28	1010	472.14	1
29	1011.1	472.14	1
30	1011.1	472.14	1
31	1012.3	471	1
32	1012.3	471	1
33	1012.3	471	1
34	1015.7	470.43	1
35	1016.8	470.43	1
36	1016.8	469.28	1
37	1016.8	469.28	1
38	1016.8	468.71	1
39	1016.8	466.99	1
40	1016.3	466.99	1
41	1016.3	465.28	1
42	1015.7	462.99	1
43	1015.7	462.99	1
44	1015.7	462.42	1
45	1018	459.56	1
46	1019.1	459.56	1
47	1019.1	459.56	1
48	1019.1	459.56	1
49	1019.1	459.56	1
50	1019.1	459.56	1
51	1021.4	458.99	1
52	1021.4	458.99	1
53	1020.3	458.99	1
54	1020.3	458.99	1
55	1020.8	458.99	1
56	1021.4	458.99	1
57	1021.4	458.99	1
58	1021.4	457.84	1
59	1021.4	457.84	1
60	1023.7	457.27	1
61	1023.7	457.27	1
62	1023.7	456.7	1
63	1024.9	456.7	1
64	1024.9	456.7	1
65	1025.4	456.7	1
66	1026.6	455.55	1
67	1026.6	455.55	1
68	1027.1	453.84	1
69	1027.1	452.12	1
70	1027.1	452.12	1
71	1028.9	451.55	1
72	1031.1	450.98	1
73	1033.4	449.26	1
74	1033.4	449.26	1
75	1039.2	446.97	1
76	1042	445.83	1
77	1042	445.26	1
78	1042	444.11	1
79	1043.2	438.39	1
80	1043.2	438.39	1
81	1043.2	438.39	1
82	1050	435.53	1
83	1050	435.53	1
84	1050	435.53	1
85	1050.6	435.53	1
86	1054	433.82	1
87	1054	433.82	1
88	1054	433.82	1
89	1058.6	432.67	1
90	1059.7	432.1	1
91	1059.7	432.1	1
92	1060.3	432.1	1
93	1060.3	432.1	1
94	1060.3	432.1	1
95	1060.3	432.1	1
96	1060.3	432.1	1
97	1067.8	429.81	1
98	1071.2	428.1	1
99	1071.8	428.1	1
100	1075.2	428.1	1
101	1077.5	426.95	1
102	1079.2	426.95	1
103	1079.8	426.95	1
104	1081.5	426.38	1
105	1081.5	426.38	1
106	1081.5	426.38	1
107	1083.2	425.81	1
108	1087.2	424.66	1
109	1088.3	424.66	1
110	1091.2	424.09	1
111	1094.6	422.95	1
112	1096.9	422.38	1
113	1096.9	422.38	1
114	1096.9	421.23	1
115	1103.8	420.09	1
116	1103.8	420.09	1
117	1106.7	418.37	1
118	1106.7	418.37	1
119	1106.7	418.37	1
120	1108.4	418.37	1
121	1113.5	416.65	1
122	1116.4	414.94	1
123	1116.4	414.94	1
124	1119.2	414.37	1
125	1119.2	414.37	1
126	1119.2	414.37	1
127	1122.1	412.65	1
128	1122.1	412.65	1
129	1125.5	412.65	1
130	1127.8	412.65	1
131	1130.7	412.65	1
132	1132.4	411.51	1
133	1132.4	411.51	1
134	1132.4	411.51	1
135	1133	410.93	1
136	1134.7	410.93	1
137	1135.3	410.36	1
138	1137.5	409.22	1
139	1141	408.65	1
140	1142.1	408.65	1
141	1142.7	408.65	1
142	1147.8	408.65	1
143	1149	408.65	1
144	1149	408.65	1
145	1149	408.65	1
146	1149	407.5	1
147	1149	407.5	1
148	1152.4	406.93	1
149	1153	405.79	1
150	1154.1	405.79	1
151	1156.4	404.64	1
152	1156.4	404.64	1
153	1156.4	404.64	1
154	1158.1	402.93	1
155	1158.1	402.93	1
156	1158.1	402.93	1
157	1158.1	402.93	1
158	1158.7	401.78	1
159	1158.7	401.78	1
160	1160.4	400.07	1
161	1161.6	399.49	1
162	1165.6	397.21	1
163	1167.9	396.06	1
164	1171.9	395.49	1
165	1174.2	394.92	1
166	1174.2	394.92	1
167	1174.2	394.92	1
168	1175.3	394.92	1
169	1181.6	393.2	1
170	1184.5	392.06	1
171	1186.7	391.49	1
172	1188.5	390.34	1
173	1188.5	390.34	1
174	1188.5	390.34	1
175	1192.5	389.2	1
176	1197	388.05	1
177	1197	388.05	1
178	1197	388.05	1
179	1202.2	388.05	1
180	1207.9	388.05	1
181	1207.9	388.05	1
182	1209.6	388.05	1
183	1213.6	385.76	1
184	1214.2	385.76	1
185	1215.9	384.62	1
186	1216.5	384.05	1
187	1216.5	384.05	1
188	1216.5	384.05	1
189	1219.3	382.33	1
190	1219.3	382.33	1
191	1221.1	381.76	1
192	1225.1	380.62	1
193	1226.2	380.04	1
194	1229.6	378.9	1
195	1231.4	378.9	1
196	1231.9	378.33	1
197	1231.9	378.33	1
198	1231.9	378.33	1
199	1237.1	376.61	1
200	1240.5	376.04	1
201	1244.5	374.9	1
202	1245.1	374.32	1
203	1246.2	374.32	1
204	1249.1	373.75	1
205	1249.1	373.75	1
206	1250.2	373.75	1
207	1256	370.89	1
208	1256	370.89	1
209	1256	370.89	1
210	1257.7	370.32	1
211	1260	368.6	1
212	1260.5	368.6	1
213	1261.7	368.03	1
214	1264.5	366.32	1
215	1265.7	366.32	1
216	1268.5	365.17	1
217	1272	363.46	1
218	1272	363.46	1
219	1273.7	363.46	1
220	1276	362.88	1
221	1276	362.88	1
222	1277.7	362.31	1
223	1280	362.31	1
224	1281.1	361.17	1
225	1282.8	361.17	1
226	1282.8	361.17	1
227	1282.8	361.17	1
228	1283.4	361.17	1
229	1289.7	358.88	1
230	1290.8	358.88	1
231	1293.1	358.31	1
232	1293.1	358.31	1
233	1297.1	358.31	1
234	1299.4	357.16	1
235	1300.6	357.16	1
236	1306.3	356.59	1
237	1306.3	356.59	1
238	1306.3	356.59	1
239	1306.3	356.59	1
240	1306.3	356.59	1
241	1308.6	355.45	1
242	1308.6	355.45	1
243	1308.6	355.45	1
244	1310.3	355.45	1
245	1317.7	353.73	1
246	1317.7	353.73	1
247	1317.7	353.73	1
248	1317.7	353.73	1
249	1322.3	353.73	1
250	1322.3	353.73	1
251	1327.5	354.3	1
252	1328	354.3	1
253	1332	354.88	1
254	1334.9	356.02	1
255	1334.9	356.59	1
256	1337.2	356.59	1
257	1337.2	356.59	1
258	1337.2	356.59	1
259	1339.5	355.45	1
260	1341.2	355.45	1
261	1342.9	354.88	1
262	1343.5	354.88	1
263	1343.5	354.88	1
264	1346.9	353.73	1
265	1347.5	353.73	1
266	1350.9	353.16	1
267	1352.6	352.59	1
268	1354.3	352.59	1
269	1354.3	352.59	1
270	1354.3	352.59	1
271	1354.3	352.59	1
272	1354.3	352.59	1
273	1356.1	351.44	1
274	1356.1	351.44	1
275	1356.1	351.44	1
276	1356.1	351.44	1
277	1355.5	351.44	1
278	1353.8	352.01	1
279	1353.8	352.01	1
280	1353.8	352.01	1
281	1356.1	354.3	1
282	1357.2	354.88	1
283	1358.9	358.31	1
284	1360.1	358.31	1
285	1360.1	358.88	1
286	1360.1	358.88	1
287	1362.4	361.74	1
288	1362.4	361.74	1
289	1362.4	361.74	1
290	1362.4	365.74	1
