2	970.51	527.63	1
3	975.09	526.49	1
4	973.37	526.49	1
5	973.37	526.49	1
6	975.09	526.49	1
7	975.09	526.49	1
8	976.8	526.49	1
9	976.8	526.49	1
10	976.8	526.49	1
11	976.8	526.49	1
12	976.8	526.49	1
13	976.8	526.49	1
14	976.23	526.49	1
15	974.51	526.49	1
16	973.94	527.63	1
17	973.94	527.63	1
18	976.8	528.2	1
19	977.38	529.35	1
20	981.38	531.63	1
21	981.38	531.63	1
22	988.24	536.21	1
23	988.24	536.21	1
24	991.1	534.49	1
25	989.96	533.92	1
26	990.53	533.92	1
27	994.54	532.21	1
28	994.54	532.21	1
29	1002.5	533.92	1
30	1010.6	537.93	1
31	1016.3	541.93	1
32	1015.7	543.07	1
33	1015.7	543.65	1
34	1016.8	543.07	1
35	1018	543.07	1
36	1019.7	542.5	1
37	1020.8	542.5	1
38	1023.7	546.51	1
39	1026	545.93	1
40	1028.9	543.65	1
41	1026.6	539.64	1
42	1027.7	539.64	1
43	1031.1	537.93	1
44	1032.9	537.93	1
45	1032.9	537.93	1
46	1036.3	536.21	1
47	1036.3	535.64	1
48	1036.3	535.64	1
49	1037.4	535.64	1
50	1038.6	535.64	1
51	1039.2	535.64	1
52	1040.3	535.64	1
53	1039.7	533.92	1
54	1039.7	533.92	1
55	1040.9	532.78	1
56	1043.2	532.21	1
57	1043.2	531.06	1
58	1042.6	531.63	1
59	1041.4	531.06	1
60	1041.4	531.06	1
61	1042.6	530.49	1
62	1042.6	529.92	1
63	1042.6	529.92	1
64	1042.6	529.92	1
65	1042.6	529.92	1
66	1042.6	529.92	1
67	1044.9	528.2	1
68	1044.9	526.49	1
69	1044.9	525.91	1
70	1046	524.2	1
71	1046	524.2	1
72	1047.2	523.05	1
73	1048.9	522.48	1
74	1051.7	520.76	1
75	1052.9	516.76	1
76	1052.9	516.76	1
77	1056.3	514.47	1
78	1054.6	514.47	1
79	1054.6	514.47	1
80	1061.5	511.61	1
81	1055.2	512.76	1
82	1055.7	512.76	1
83	1056.3	512.76	1
84	1058	511.61	1
85	1058	511.61	1
86	1060.3	510.47	1
87	1060.3	510.47	1
88	1062	507.61	1
89	1062	507.04	1
90	1064.3	504.75	1
91	1064.3	504.75	1
92	1068.3	500.17	1
93	1068.3	500.17	1
94	1070	499.6	1
95	1071.2	496.17	1
96	1072.9	495.6	1
97	1073.5	495.6	1
98	1073.5	494.45	1
99	1073.5	494.45	1
100	1074	494.45	1
101	1074	494.45	1
102	1075.2	494.45	1
103	1076.9	493.88	1
104	1079.8	492.16	1
105	1080.9	491.59	1
106	1081.5	489.3	1
107	1082.6	488.16	1
108	1083.8	487.59	1
109	1085.5	485.87	1
110	1088.3	483.58	1
111	1088.3	483.58	1
112	1088.9	480.15	1
113	1089.5	478.43	1
114	1089.5	478.43	1
115	1090.6	476.72	1
116	1090.6	476.15	1
117	1090.6	476.15	1
118	1090.6	476.15	1
119	1092.4	475	1
120	1092.9	472.71	1
121	1092.9	470.43	1
122	1095.2	468.71	1
123	1095.2	468.71	1
124	1096.4	468.14	1
125	1098.1	466.99	1
126	1098.1	466.99	1
127	1100.9	466.42	1
128	1100.9	466.42	1
129	1100.9	465.28	1
130	1102.7	461.27	1
131	1102.7	457.27	1
132	1104.4	453.26	1
133	1104.4	453.26	1
134	1104.4	453.26	1
135	1104.4	452.69	1
136	1104.4	452.69	1
137	1106.7	452.69	1
138	1108.4	451.55	1
139	1109.5	449.83	1
140	1111.8	445.26	1
141	1112.4	443.54	1
142	1112.4	442.4	1
143	1111.2	442.97	1
144	1104.4	442.4	1
145	1110.1	440.11	1
146	1111.8	439.54	1
147	1115.2	437.82	1
148	1115.8	437.82	1
149	1115.8	437.25	1
150	1114.1	434.39	1
151	1114.1	433.82	1
152	1114.1	432.1	1
153	1115.8	431.53	1
154	1118.1	430.38	1
155	1117	428.1	1
156	1117	426.95	1
157	1117.5	425.81	1
158	1119.2	424.09	1
159	1120.4	422.95	1
160	1121.5	422.38	1
161	1123.2	418.94	1
162	1123.2	414.94	1
163	1125	411.51	1
164	1125	411.51	1
165	1126.1	410.36	1
166	1127.2	408.65	1
167	1126.7	407.5	1
168	1126.7	406.93	1
169	1129	404.64	1
170	1129	403.5	1
171	1130.7	402.93	1
172	1130.7	402.93	1
173	1130.1	402.93	1
174	1130.1	401.78	1
175	1130.7	397.21	1
176	1130.7	397.21	1
177	1131.3	397.21	1
178	1133.5	396.06	1
179	1133.5	396.06	1
180	1136.4	394.92	1
181	1137	393.77	1
182	1137.5	393.2	1
183	1139.3	389.2	1
184	1139.3	389.2	1
185	1141	388.05	1
186	1141	387.48	1
187	1142.7	386.34	1
188	1142.7	386.34	1
189	1142.7	385.76	1
190	1142.7	385.76	1
191	1146.7	379.47	1
192	1146.7	379.47	1
193	1147.3	378.33	1
194	1148.4	374.32	1
195	1148.4	374.32	1
196	1148.4	373.75	1
197	1149	372.61	1
198	1150.1	372.04	1
199	1150.7	370.89	1
200	1153	370.32	1
201	1154.1	370.32	1
202	1156.4	366.32	1
203	1156.4	366.32	1
204	1156.4	366.32	1
205	1159.9	361.17	1
206	1159.9	361.17	1
207	1159.9	361.17	1
208	1159.9	361.17	1
209	1159.9	361.17	1
210	1159.9	361.17	1
211	1159.9	358.88	1
212	1160.4	358.88	1
213	1161.6	357.16	1
214	1162.1	357.16	1
215	1162.7	354.88	1
216	1162.7	354.88	1
217	1164.4	353.16	1
218	1164.4	352.59	1
219	1165.6	347.44	1
220	1165.6	347.44	1
221	1167.9	347.44	1
222	1167.9	347.44	1
223	1169.6	345.15	1
224	1170.2	344.01	1
225	1171.3	343.43	1
226	1171.9	341.72	1
227	1173.6	340	1
228	1174.2	339.43	1
229	1174.2	339.43	1
230	1174.2	339.43	1
231	1175.3	337.14	1
232	1175.3	335.43	1
233	1175.9	334.28	1
234	1177.6	331.99	1
235	1178.2	330.28	1
236	1179.3	328.56	1
237	1179.9	327.99	1
238	1181	327.42	1
239	1182.7	324.56	1
240	1183.3	323.99	1
241	1183.3	323.99	1
242	1183.3	322.84	1
243	1183.3	322.84	1
244	1185.6	320.55	1
245	1187.3	318.26	1
246	1188.5	316.55	1
247	1188.5	316.55	1
248	1188.5	313.12	1
249	1188.5	312.54	1
250	1187.9	311.4	1
251	1187.3	307.4	1
252	1185.6	306.82	1
253	1185.6	306.82	1
254	1185.6	306.25	1
255	1185.6	301.68	1
256	1186.7	301.68	1
257	1188.5	300.53	1
258	1189	299.39	1
259	1189.6	298.82	1
260	1189.6	297.1	1
261	1189.6	297.1	1
262	1189.6	297.1	1
263	1189.6	295.96	1
264	1189.6	293.1	1
265	1189.6	293.1	1
266	1189.6	293.1	1
267	1189.6	289.66	1
268	1189.6	289.09	1
269	1189.6	289.09	1
270	1190.7	287.95	1
271	1191.3	287.38	1
272	1192.5	283.37	1
273	1192.5	283.37	1
274	1192.5	282.23	1
275	1192.5	282.23	1
276	1193	279.94	1
277	1193	279.37	1
278	1194.7	277.65	1
279	1195.3	275.93	1
280	1196.5	273.65	1
281	1197	273.65	1
282	1197	272.5	1
283	1198.2	272.5	1
284	1198.8	270.79	1
285	1198.8	270.79	1
286	1198.8	270.21	1
287	1198.8	269.64	1
288	1198.8	263.92	1
289	1198.8	263.92	1
290	1198.8	263.92	1
291	1201	259.35	1
292	1201	259.35	1
293	1202.2	259.35	1
294	1204.5	256.49	1
295	1204.5	256.49	1
296	1204.5	256.49	1
297	1204.5	256.49	1
298	1204.5	253.62	1
299	1204.5	253.05	1
300	1204.5	252.48	1
301	1205	250.76	1
302	1206.2	249.62	1
303	1206.8	249.62	1
304	1206.8	249.05	1
305	1207.9	246.76	1
306	1208.5	245.62	1
307	1208.5	245.04	1
308	1209.6	243.33	1
309	1210.2	241.61	1
310	1210.8	239.9	1
311	1210.8	239.9	1
312	1213.6	237.61	1
313	1214.2	237.04	1
314	1214.2	237.04	1
315	1214.2	237.04	1
316	1214.2	237.04	1
317	1214.8	237.04	1
318	1219.9	234.18	1
319	1219.9	234.18	1
320	1219.9	234.18	1
321	1219.9	234.18	1
322	1219.9	233.6	1
323	1223.9	227.88	1
324	1223.9	227.88	1
325	1223.9	227.88	1
326	1223.9	227.88	1
327	1226.2	225.6	1
328	1226.2	225.6	1
329	1226.2	225.6	1
330	1226.2	225.6	1
331	1226.2	225.6	1
332	1226.2	225.6	1
333	1226.2	224.45	1
334	1226.2	224.45	1
335	1227.4	222.16	1
336	1227.9	221.59	1
337	1227.9	221.59	1
338	1230.2	220.45	1
339	1230.2	220.45	1
340	1230.2	217.59	1
