1	947.63	524.2	1
2	944.77	524.77	1
3	947.06	524.2	1
4	946.49	524.2	1
5	946.49	524.2	1
6	944.77	520.76	1
7	940.19	518.48	1
8	938.48	516.19	1
9	927.04	516.19	1
10	931.61	515.04	1
11	925.32	514.47	1
12	923.03	514.47	1
13	920.74	514.47	1
14	919.03	514.47	1
15	916.74	514.47	1
16	916.74	514.47	1
17	911.59	514.47	1
18	909.88	515.62	1
19	912.74	514.47	1
20	909.88	514.47	1
21	909.88	514.47	1
22	909.3	514.47	1
23	908.16	514.47	1
24	907.59	513.9	1
25	907.59	512.18	1
26	907.01	512.18	1
27	904.15	511.04	1
28	904.15	511.04	1
29	904.15	511.04	1
30	904.15	511.04	1
31	901.87	511.04	1
32	901.29	511.04	1
33	901.29	511.04	1
34	901.29	511.04	1
35	897.86	511.61	1
36	896.15	511.61	1
37	893.86	512.18	1
38	892.71	512.18	1
39	888.71	512.18	1
40	886.42	512.18	1
41	886.42	513.33	1
42	884.71	513.33	1
43	884.71	513.33	1
44	886.42	512.76	1
45	886.42	512.76	1
46	880.7	510.47	1
47	880.7	510.47	1
48	878.41	509.9	1
49	874.98	508.75	1
50	874.41	508.18	1
51	873.26	508.18	1
52	872.69	508.18	1
53	870.4	508.18	1
54	870.4	508.18	1
55	868.69	507.04	1
56	868.69	507.04	1
57	867.54	507.04	1
58	863.54	505.32	1
59	862.97	505.32	1
60	862.97	505.32	1
61	861.82	505.32	1
62	857.82	504.75	1
63	856.1	504.75	1
64	856.1	504.75	1
65	854.96	504.18	1
66	854.96	503.03	1
67	851.53	502.46	1
68	850.38	500.74	1
69	849.81	499.03	1
70	849.24	499.03	1
71	846.38	498.46	1
72	845.81	498.46	1
73	844.09	498.46	1
74	841.8	498.46	1
75	840.66	498.46	1
76	840.09	497.31	1
77	839.51	497.31	1
78	837.8	497.31	1
79	833.79	497.31	1
80	830.93	497.31	1
81	830.36	497.31	1
82	829.22	497.31	1
83	826.36	497.31	1
84	824.07	497.31	1
85	821.21	497.31	1
86	818.35	497.31	1
87	817.21	497.31	1
88	814.92	496.74	1
89	813.77	495.6	1
90	812.63	495.02	1
91	810.91	495.02	1
92	808.62	495.02	1
93	807.48	495.02	1
94	805.19	494.45	1
95	803.48	493.31	1
96	801.19	493.31	1
97	801.19	493.31	1
98	801.19	493.31	1
99	801.19	493.31	1
100	801.19	492.74	1
101	797.18	491.59	1
102	797.18	491.59	1
103	796.04	491.02	1
104	795.47	489.88	1
105	794.32	489.88	1
106	793.75	489.3	1
107	790.32	489.3	1
108	788.03	488.73	1
109	786.32	488.73	1
110	782.88	488.73	1
111	780.6	488.73	1
112	778.31	488.73	1
113	777.16	488.73	1
114	777.16	487.59	1
115	776.02	487.01	1
116	774.3	487.01	1
117	773.16	487.01	1
118	772.59	487.01	1
119	770.87	487.01	1
120	767.44	487.01	1
121	766.87	487.01	1
122	766.29	487.01	1
123	763.43	487.01	1
124	759.43	487.01	1
125	756	487.01	1
126	755.43	487.01	1
127	753.14	488.16	1
128	753.14	488.16	1
129	751.99	488.16	1
130	751.42	488.16	1
131	749.13	488.73	1
132	747.42	490.45	1
133	746.27	491.02	1
134	741.7	491.02	1
135	739.98	492.16	1
136	739.41	492.16	1
137	739.41	492.16	1
138	738.26	492.16	1
139	738.26	492.16	1
140	735.98	492.16	1
141	733.69	492.16	1
142	732.54	492.16	1
143	731.97	492.74	1
144	728.54	492.74	1
145	728.54	492.74	1
146	725.11	492.74	1
147	724.54	492.74	1
148	724.54	492.74	1
149	722.82	492.74	1
150	722.82	492.74	1
151	721.1	492.74	1
152	716.53	491.59	1
153	716.53	491.02	1
154	715.38	491.02	1
155	714.24	491.02	1
156	710.81	491.02	1
157	708.52	489.88	1
158	708.52	489.88	1
159	705.66	489.88	1
160	703.94	489.88	1
161	703.94	489.88	1
162	701.08	489.88	1
163	701.08	489.88	1
164	699.37	489.88	1
165	697.08	489.3	1
166	694.22	489.3	1
167	694.22	489.3	1
168	693.07	489.3	1
169	691.93	489.3	1
170	688.5	489.3	1
171	687.35	489.3	1
172	683.92	488.73	1
173	682.21	487.59	1
174	681.63	487.01	1
175	679.92	485.87	1
176	678.77	485.3	1
177	678.2	485.3	1
178	677.63	484.15	1
179	676.49	483.58	1
180	673.05	483.58	1
181	670.76	483.01	1
182	669.05	481.87	1
183	668.48	481.87	1
184	667.33	481.29	1
185	666.19	481.29	1
186	665.04	480.15	1
187	664.47	480.15	1
188	662.18	480.15	1
189	659.32	479.58	1
190	657.04	479.58	1
191	657.04	479.58	1
192	654.75	479.58	1
193	653.6	479.58	1
194	650.74	479.58	1
195	649.6	479.58	1
196	645.6	480.72	1
197	645.6	480.72	1
198	643.88	480.72	1
199	643.88	480.72	1
200	641.59	481.29	1
201	641.02	481.29	1
202	637.59	482.44	1
203	636.44	483.01	1
204	633.58	483.01	1
205	629.58	483.01	1
206	628.43	483.01	1
207	628.43	483.01	1
208	626.72	481.87	1
209	626.72	481.87	1
210	624.43	481.87	1
211	624.43	481.87	1
212	621	481.87	1
213	621	481.87	1
214	621	481.87	1
215	620.43	481.87	1
216	616.42	480.15	1
217	616.42	480.15	1
218	616.42	480.15	1
219	616.42	480.15	1
220	616.42	480.15	1
221	612.99	480.15	1
222	612.99	480.15	1
223	610.7	480.15	1
224	608.99	480.15	1
225	605.55	479.58	1
226	605.55	479.58	1
227	603.26	479.58	1
228	600.98	479.58	1
229	599.83	478.43	1
230	599.26	478.43	1
231	596.97	478.43	1
232	596.97	478.43	1
233	595.26	478.43	1
234	593.54	478.43	1
235	591.25	478.43	1
236	590.11	478.43	1
237	589.54	477.86	1
238	586.1	475.57	1
239	583.82	473.86	1
240	583.82	473.86	1
241	583.82	473.86	1
242	583.24	473.29	1
243	579.81	472.14	1
244	577.52	471.57	1
245	577.52	471.57	1
246	576.38	471.57	1
247	576.38	471.57	1
248	576.38	471.57	1
249	576.38	470.43	1
250	572.38	469.85	1
251	571.8	469.85	1
252	571.8	469.85	1
253	571.8	469.85	1
254	570.66	469.85	1
