2	966.1	553.3	1
3	967.7	553.3	1
4	969.3	553.3	1
5	972.5	554.9	1
6	972.5	554.9	1
7	972.5	554.9	1
8	972.5	556.5	1
9	977.3	558.1	1
10	977.3	559.7	1
11	977.3	562.9	1
12	977.3	562.9	1
13	977.3	562.9	1
14	980.5	567.7	1
15	983.7	567.7	1
16	985.3	569.3	1
17	985.3	570.9	1
18	988.5	572.5	1
19	991.7	577.3	1
20	991.7	578.9	1
21	986.9	580.5	1
22	991.7	580.5	1
23	991.7	585.3	1
24	993.3	585.3	1
25	994.9	585.3	1
26	998.1	585.3	1
27	998.1	585.3	1
28	998.1	585.3	1
29	1002.9	586.9	1
30	1001.3	586.9	1
31	1001.3	586.9	1
32	1001.3	586.9	1
33	1001.3	590.1	1
34	1001.3	590.1	1
35	1001.3	593.3	1
36	1001.3	593.3	1
37	1001.3	596.5	1
38	1001.3	598.1	1
39	1002.9	598.1	1
40	1002.9	598.1	1
41	1002.9	598.1	1
42	1006.1	598.1	1
43	1006.1	602.9	1
44	1006.1	602.9	1
45	1006.1	602.9	1
46	1006.1	602.9	1
47	1007.7	604.5	1
48	1010.9	609.3	1
49	1010.9	604.5	1
50	1010.9	606.1	1
51	1010.9	606.1	1
52	1010.9	606.1	1
53	1010.9	607.7	1
54	1010.9	609.3	1
55	1007.7	609.3	1
56	1007.7	609.3	1
57	1007.7	609.3	1
58	1009.3	610.9	1
59	1010.9	615.7	1
60	1010.9	617.3	1
61	1010.9	617.3	1
62	1010.9	617.3	1
63	1010.9	620.5	1
64	1012.5	620.5	1
65	1012.5	620.5	1
66	1012.5	622.1	1
67	1015.7	628.5	1
68	1015.7	630.1	1
69	1015.7	636.5	1
70	1015.7	636.5	1
71	1017.3	636.5	1
72	1017.3	636.5	1
73	1023.7	636.5	1
74	1023.7	641.3	1
75	1020.5	641.3	1
76	1020.5	641.3	1
77	1020.5	641.3	1
78	1020.5	646.1	1
79	1020.5	647.7	1
80	1020.5	650.9	1
81	1020.5	650.9	1
82	1020.5	650.9	1
83	1020.5	650.9	1
84	1020.5	650.9	1
85	1020.5	652.5	1
86	1020.5	655.7	1
87	1020.5	655.7	1
88	1020.5	655.7	1
89	1020.5	655.7	1
90	1020.5	657.3	1
91	1020.5	662.1	1
92	1020.5	663.7	1
93	1020.5	663.7	1
94	1018.9	665.3	1
95	1018.9	665.3	1
96	1018.9	665.3	1
97	1018.9	670.1	1
98	1017.3	671.7	1
99	1017.3	678.1	1
100	1017.3	678.1	1
101	1017.3	678.1	1
102	1017.3	686.1	1
103	1015.7	687.7	1
104	1015.7	687.7	1
105	1015.7	689.3	1
106	1015.7	689.3	1
107	1012.5	692.5	1
108	1012.5	692.5	1
109	1012.5	695.7	1
110	1012.5	697.3	1
111	1012.5	697.3	1
112	1014.1	702.1	1
113	1014.1	702.1	1
114	1009.3	703.7	1
115	1009.3	703.7	1
116	1012.5	703.7	1
117	1014.1	708.5	1
118	1014.1	708.5	1
119	1014.1	708.5	1
120	1017.3	708.5	1
121	1017.3	713.3	1
122	1017.3	713.3	1
123	1014.1	716.5	1
124	1014.1	718.1	1
125	1012.5	721.3	1
126	1012.5	721.3	1
127	1012.5	724.5	1
128	1012.5	726.1	1
129	1012.5	730.9	1
130	1015.7	730.9	1
131	1015.7	730.9	1
132	1015.7	732.5	1
133	1015.7	732.5	1
134	1015.7	732.5	1
135	1015.7	738.9	1
136	1012.5	740.5	1
137	1012.5	742.1	1
138	1012.5	742.1	1
139	1012.5	742.1	1
140	1015.7	742.1	1
141	1017.3	748.5	1
142	1017.3	748.5	1
143	1017.3	751.7	1
144	1017.3	751.7	1
145	1017.3	754.9	1
146	1018.9	754.9	1
147	1018.9	756.5	1
148	1018.9	756.5	1
149	1018.9	761.3	1
150	1018.9	761.3	1
151	1018.9	764.5	1
152	1018.9	764.5	1
153	1018.9	767.7	1
154	1025.3	767.7	1
155	1025.3	770.9	1
156	1022.1	775.7	1
157	1022.1	775.7	1
158	1022.1	775.7	1
159	1022.1	775.7	1
160	1020.5	775.7	1
161	1020.5	777.3	1
162	1020.5	777.3	1
163	1022.1	778.9	1
164	1023.7	782.1	1
165	1026.9	782.1	1
166	1026.9	783.7	1
167	1026.9	786.9	1
168	1026.9	790.1	1
169	1026.9	790.1	1
170	1026.9	793.3	1
171	1026.9	793.3	1
172	1026.9	796.5	1
173	1026.9	799.7	1
174	1026.9	801.3	1
175	1026.9	801.3	1
176	1026.9	806.1	1
177	1026.9	806.1	1
178	1026.9	807.7	1
179	1026.9	809.3	1
180	1026.9	809.3	1
181	1026.9	809.3	1
182	1031.7	809.3	1
183	1031.7	809.3	1
184	1031.7	810.9	1
185	1031.7	815.7	1
186	1031.7	815.7	1
187	1031.7	820.5	1
188	1031.7	820.5	1
189	1031.7	822.1	1
190	1031.7	822.1	1
191	1031.7	822.1	1
192	1038.1	828.5	1
193	1038.1	830.1	1
194	1038.1	831.7	1
195	1038.1	831.7	1
196	1038.1	833.3	1
197	1038.1	833.3	1
198	1038.1	833.3	1
199	1038.1	834.9	1
200	1038.1	834.9	1
201	1038.1	836.5	1
202	1038.1	839.7	1
203	1038.1	839.7	1
204	1039.7	842.9	1
205	1039.7	842.9	1
206	1041.3	842.9	1
207	1042.9	844.5	1
208	1042.9	850.9	1
209	1044.5	850.9	1
210	1049.3	854.1	1
211	1049.3	854.1	1
212	1049.3	854.1	1
213	1047.7	854.1	1
214	1047.7	855.7	1
215	1044.5	860.5	1
216	1042.9	860.5	1
217	1047.7	860.5	1
218	1047.7	863.7	1
219	1047.7	863.7	1
220	1047.7	863.7	1
221	1047.7	870.1	1
222	1047.7	870.1	1
223	1047.7	870.1	1
224	1047.7	870.1	1
225	1047.7	874.9	1
226	1047.7	874.9	1
227	1047.7	881.3	1
228	1047.7	881.3	1
229	1047.7	881.3	1
230	1047.7	881.3	1
231	1047.7	881.3	1
232	1047.7	881.3	1
233	1047.7	881.3	1
234	1047.7	882.9	1
235	1050.9	882.9	1
236	1050.9	887.7	1
237	1050.9	887.7	1
238	1050.9	890.9	1
239	1050.9	890.9	1
240	1050.9	892.5	1
241	1052.5	892.5	1
242	1052.5	894.1	1
243	1052.5	894.1	1
244	1052.5	894.1	1
245	1052.5	897.3	1
246	1049.3	900.5	1
247	1049.3	900.5	1
248	1049.3	900.5	1
249	1052.5	900.5	1
250	1052.5	902.1	1
251	1052.5	905.3	1
252	1052.5	906.9	1
253	1052.5	906.9	1
254	1052.5	908.5	1
255	1052.5	910.1	1
256	1052.5	911.7	1
257	1057.3	913.3	1
258	1057.3	914.9	1
259	1057.3	914.9	1
260	1057.3	914.9	1
261	1057.3	919.7	1
262	1052.5	921.3	1
263	1057.3	921.3	1
264	1057.3	921.3	1
265	1057.3	921.3	1
266	1060.5	929.3	1
267	1060.5	929.3	1
268	1060.5	929.3	1
269	1060.5	929.3	1
270	1060.5	929.3	1
271	1060.5	932.5	1
272	1060.5	932.5	1
273	1060.5	932.5	1
274	1060.5	932.5	1
275	1062.1	934.1	1
276	1062.1	934.1	1
277	1062.1	934.1	1
278	1062.1	935.7	1
279	1062.1	940.5	1
280	1062.1	940.5	1
281	1062.1	940.5	1
282	1062.1	940.5	1
283	1062.1	940.5	1
284	1062.1	940.5	1
285	1062.1	943.7	1
286	1062.1	943.7	1
287	1062.1	945.3	1
288	1062.1	945.3	1
289	1062.1	945.3	1
290	1062.1	945.3	1
291	1062.1	945.3	1
292	1063.7	946.9	1
293	1068.5	950.1	1
294	1068.5	950.1	1
295	1068.5	953.3	1
296	1068.5	953.3	1
297	1068.5	954.9	1
298	1073.3	958.1	1
299	1073.3	959.7	1
300	1073.3	959.7	1
301	1073.3	959.7	1
302	1073.3	959.7	1
303	1073.3	959.7	1
304	1073.3	959.7	1
