2	966.51	541.93	1
3	966.51	541.93	1
4	966.51	541.93	1
5	966.51	541.93	1
6	966.51	541.93	1
7	966.51	541.93	1
8	966.51	541.93	1
9	971.65	540.21	1
10	971.65	540.21	1
11	971.65	540.21	1
12	968.79	543.65	1
13	968.79	543.65	1
14	968.79	543.65	1
15	968.79	543.65	1
16	968.79	543.65	1
17	970.51	543.65	1
18	971.65	544.22	1
19	969.37	545.36	1
20	969.37	545.36	1
21	968.79	545.36	1
22	968.79	545.36	1
23	970.51	544.79	1
24	971.65	544.79	1
25	971.65	544.79	1
26	969.37	545.93	1
27	969.37	547.08	1
28	971.65	547.08	1
29	973.94	548.22	1
30	972.23	549.94	1
31	971.08	551.08	1
32	968.79	553.37	1
33	965.36	556.8	1
34	965.36	556.8	1
35	964.79	557.38	1
36	963.07	558.52	1
37	963.07	558.52	1
38	963.07	559.09	1
39	963.07	563.1	1
40	963.07	568.24	1
41	964.79	569.39	1
42	967.65	572.25	1
43	967.08	575.11	1
44	967.08	576.25	1
45	962.5	580.26	1
46	960.79	581.97	1
47	959.64	583.69	1
48	959.07	586.55	1
49	957.93	589.41	1
50	956.78	591.7	1
51	956.78	591.7	1
52	953.35	593.99	1
53	953.35	597.42	1
54	954.49	597.42	1
55	955.07	597.42	1
56	957.35	596.27	1
57	957.35	596.27	1
58	955.07	596.27	1
59	951.63	597.42	1
60	951.63	597.42	1
61	951.63	597.42	1
62	951.63	597.42	1
63	951.63	597.42	1
64	951.63	597.99	1
65	952.21	599.71	1
66	953.35	603.14	1
67	953.92	604.85	1
68	951.06	607.14	1
69	951.06	607.14	1
70	951.06	607.14	1
71	951.06	607.71	1
72	948.2	611.72	1
73	947.06	616.87	1
74	945.34	620.3	1
75	945.34	620.87	1
76	942.48	624.3	1
77	941.91	626.59	1
78	941.34	628.31	1
79	941.34	628.88	1
80	938.48	631.74	1
81	936.19	631.74	1
82	932.18	631.74	1
83	932.18	631.74	1
84	931.61	632.31	1
85	930.47	634.6	1
86	928.75	636.32	1
87	928.75	638.03	1
88	927.04	642.04	1
89	925.89	644.32	1
90	924.75	644.32	1
91	924.75	645.47	1
92	924.75	645.47	1
93	924.18	645.47	1
94	919.03	648.33	1
95	919.03	651.76	1
96	919.03	653.48	1
97	917.31	655.76	1
98	917.31	656.91	1
99	917.31	658.05	1
100	916.17	663.2	1
101	916.17	663.2	1
102	916.17	663.77	1
103	914.45	668.92	1
104	913.31	670.64	1
105	911.59	672.35	1
106	911.02	672.35	1
107	905.87	674.64	1
108	905.87	674.64	1
109	905.87	674.64	1
110	905.87	676.93	1
111	904.73	680.36	1
112	904.73	680.93	1
113	901.87	684.37	1
114	901.87	684.94	1
115	904.15	688.37	1
116	903.58	690.09	1
117	903.58	690.66	1
118	903.58	690.66	1
119	901.87	694.66	1
120	901.87	696.38	1
121	901.87	697.52	1
122	901.87	697.52	1
123	897.86	700.38	1
124	897.86	704.96	1
125	897.86	707.25	1
126	896.15	707.82	1
127	895	709.54	1
128	893.29	711.25	1
129	892.14	712.97	1
130	892.14	712.97	1
131	892.14	712.97	1
132	890.43	713.54	1
133	888.14	714.68	1
134	888.14	715.83	1
135	887.57	718.69	1
136	885.85	721.55	1
137	885.85	721.55	1
138	885.85	721.55	1
139	883.56	723.26	1
140	882.42	726.12	1
141	881.85	726.7	1
142	881.85	727.27	1
143	881.85	727.27	1
144	880.7	730.7	1
145	880.13	731.27	1
146	878.41	732.42	1
147	877.84	732.99	1
148	876.12	734.71	1
149	874.98	735.85	1
150	872.69	738.14	1
151	872.69	738.14	1
152	872.69	738.14	1
153	872.69	742.14	1
154	872.69	742.71	1
155	874.41	742.71	1
156	875.55	742.71	1
157	874.98	745.57	1
158	874.98	747.29	1
159	873.84	749.58	1
160	872.69	752.44	1
161	872.69	753.58	1
162	872.69	754.15	1
163	872.12	757.01	1
164	870.98	761.02	1
165	870.4	763.88	1
166	870.4	763.88	1
167	865.26	766.74	1
168	865.26	766.74	1
169	864.68	766.74	1
170	862.97	767.31	1
171	860.68	770.74	1
172	860.68	771.32	1
173	860.68	773.6	1
174	859.54	776.46	1
175	858.96	777.04	1
176	858.96	777.04	1
177	858.96	777.04	1
178	858.96	777.04	1
179	858.96	777.04	1
180	854.96	778.18	1
181	854.96	778.18	1
182	851.53	778.75	1
183	849.81	780.47	1
184	845.81	783.9	1
185	845.24	786.19	1
186	843.52	787.9	1
187	843.52	788.48	1
188	845.24	790.76	1
189	845.24	790.76	1
190	843.52	795.91	1
191	843.52	796.49	1
192	841.8	798.2	1
193	841.8	801.63	1
194	841.8	802.21	1
195	843.52	802.21	1
196	832.65	803.35	1
197	834.94	802.78	1
198	834.37	803.35	1
199	834.37	803.35	1
200	834.37	807.35	1
201	834.37	809.07	1
202	834.37	809.64	1
203	832.65	811.36	1
204	832.08	811.93	1
205	829.79	813.65	1
206	828.07	815.36	1
207	828.07	815.93	1
208	826.36	818.79	1
209	826.36	819.37	1
210	826.36	819.37	1
211	824.07	820.51	1
212	822.93	821.08	1
213	822.35	825.09	1
214	822.35	825.66	1
215	821.78	828.52	1
216	820.64	830.24	1
217	818.35	830.81	1
218	818.35	831.38	1
219	816.06	833.1	1
220	814.92	834.24	1
221	814.35	835.96	1
222	812.63	836.53	1
223	810.91	838.24	1
224	810.91	838.24	1
225	809.2	842.82	1
226	808.62	845.68	1
227	806.91	849.68	1
228	806.91	849.11	1
229	804.62	849.68	1
230	804.62	849.68	1
231	801.76	851.97	1
232	800.62	853.69	1
233	800.62	853.69	1
234	800.62	853.69	1
235	797.76	855.4	1
236	797.76	855.98	1
237	797.76	857.12	1
238	797.18	859.41	1
239	797.18	859.98	1
240	796.04	859.98	1
241	793.75	859.98	1
242	793.75	859.98	1
243	790.32	861.12	1
244	789.75	861.7	1
245	789.75	861.7	1
246	789.75	861.7	1
247	789.18	862.27	1
248	788.03	863.99	1
249	786.32	865.7	1
250	786.32	865.7	1
251	783.46	867.42	1
252	782.31	869.13	1
253	780.02	870.85	1
254	778.31	871.42	1
255	776.59	873.14	1
256	776.02	875.43	1
257	774.88	876.57	1
258	773.73	877.14	1
259	773.73	877.14	1
260	770.87	878.86	1
261	770.87	878.86	1
262	766.87	881.15	1
263	766.87	881.15	1
264	766.87	881.15	1
265	766.87	881.15	1
266	766.87	881.15	1
267	765.15	882.29	1
268	765.15	882.29	1
269	764.58	882.29	1
270	762.29	882.86	1
271	762.29	883.43	1
272	759.43	888.58	1
273	758.29	889.15	1
274	755.43	892.01	1
275	755.43	892.59	1
276	755.43	892.59	1
277	753.71	893.73	1
278	752.57	894.87	1
279	754.85	894.87	1
280	752.57	894.87	1
281	749.71	894.87	1
282	749.71	894.87	1
283	749.71	894.87	1
284	749.13	896.02	1
285	748.56	896.02	1
286	743.99	897.74	1
287	743.99	897.74	1
288	743.99	897.74	1
289	743.99	897.74	1
290	743.41	898.31	1
291	743.41	898.88	1
292	741.7	900.02	1
293	741.13	901.74	1
294	737.69	903.46	1
295	737.69	903.46	1
296	735.98	904.03	1
297	735.98	904.6	1
298	735.98	904.6	1
299	734.26	906.32	1
300	734.26	906.32	1
301	734.26	906.32	1
302	730.26	905.17	1
303	729.68	904.6	1
304	729.68	904.6	1
305	729.68	904.6	1
306	729.68	904.03	1
307	726.25	902.31	1
308	722.25	900.6	1
309	720.53	899.45	1
310	720.53	898.31	1
311	718.82	896.59	1
312	718.24	896.59	1
313	716.53	895.45	1
314	713.1	895.45	1
315	712.52	894.87	1
