2	954.9	535.7	1
3	954.9	535.7	1
4	948.5	537.3	1
5	953.3	537.3	1
6	953.3	537.3	1
7	953.3	537.3	1
8	953.3	537.3	1
9	950.1	535.7	1
10	948.5	535.7	1
11	951.7	537.3	1
12	950.1	542.1	1
13	950.1	540.5	1
14	950.1	537.3	1
15	950.1	537.3	1
16	950.1	537.3	1
17	946.9	535.7	1
18	942.1	535.7	1
19	942.1	535.7	1
20	942.1	535.7	1
21	942.1	535.7	1
22	942.1	535.7	1
23	942.1	535.7	1
24	942.1	535.7	1
25	940.5	530.9	1
26	937.3	529.3	1
27	937.3	529.3	1
28	935.7	527.7	1
29	934.1	524.5	1
30	929.3	524.5	1
31	929.3	524.5	1
32	929.3	524.5	1
33	929.3	524.5	1
34	927.7	524.5	1
35	927.7	524.5	1
36	927.7	524.5	1
37	924.5	522.9	1
38	922.9	518.1	1
39	919.7	518.1	1
40	916.5	516.5	1
41	916.5	514.9	1
42	910.1	514.9	1
43	910.1	514.9	1
44	910.1	513.3	1
45	910.1	513.3	1
46	910.1	513.3	1
47	910.1	505.3	1
48	910.1	505.3	1
49	908.5	505.3	1
50	908.5	508.5	1
51	908.5	508.5	1
52	908.5	508.5	1
53	908.5	508.5	1
54	908.5	508.5	1
55	908.5	508.5	1
56	908.5	505.3	1
57	905.3	503.7	1
58	903.7	503.7	1
59	903.7	502.1	1
60	902.1	502.1	1
61	902.1	502.1	1
62	902.1	502.1	1
63	902.1	502.1	1
64	902.1	502.1	1
65	902.1	502.1	1
66	900.5	502.1	1
67	900.5	502.1	1
68	900.5	502.1	1
69	895.7	502.1	1
70	895.7	502.1	1
71	894.1	502.1	1
72	894.1	502.1	1
73	894.1	502.1	1
74	892.5	502.1	1
75	892.5	502.1	1
76	889.3	500.5	1
77	889.3	500.5	1
78	889.3	494.1	1
79	884.5	494.1	1
80	884.5	494.1	1
81	884.5	494.1	1
82	884.5	494.1	1
83	884.5	497.3	1
84	884.5	497.3	1
85	886.1	497.3	1
86	886.1	497.3	1
87	886.1	497.3	1
88	886.1	495.7	1
89	886.1	492.5	1
90	881.3	490.9	1
91	879.7	489.3	1
92	874.9	487.7	1
93	874.9	487.7	1
94	874.9	487.7	1
95	874.9	487.7	1
96	871.7	484.5	1
97	871.7	484.5	1
98	870.1	478.1	1
99	870.1	478.1	1
100	870.1	478.1	1
101	870.1	478.1	1
102	870.1	478.1	1
103	870.1	478.1	1
104	870.1	481.3	1
105	863.7	481.3	1
106	863.7	481.3	1
107	863.7	481.3	1
108	863.7	479.7	1
109	863.7	476.5	1
110	863.7	476.5	1
111	866.9	476.5	1
112	866.9	476.5	1
113	866.9	476.5	1
114	866.9	474.9	1
115	865.3	474.9	1
116	863.7	474.9	1
117	863.7	474.9	1
118	858.9	474.9	1
119	858.9	473.3	1
120	858.9	471.7	1
121	858.9	471.7	1
122	855.7	470.1	1
123	855.7	466.9	1
124	855.7	466.9	1
125	854.1	466.9	1
126	850.9	466.9	1
127	850.9	463.7	1
128	850.9	462.1	1
129	850.9	460.5	1
130	850.9	460.5	1
131	850.9	460.5	1
132	850.9	457.3	1
133	850.9	457.3	1
134	850.9	454.1	1
135	849.3	454.1	1
136	847.7	454.1	1
137	847.7	454.1	1
138	847.7	454.1	1
139	846.1	454.1	1
140	846.1	452.5	1
141	846.1	450.9	1
142	842.9	450.9	1
143	841.3	450.9	1
144	841.3	449.3	1
145	841.3	449.3	1
146	841.3	449.3	1
147	841.3	447.7	1
148	838.1	446.1	1
149	838.1	444.5	1
150	836.5	441.3	1
151	831.7	441.3	1
152	831.7	438.1	1
153	831.7	438.1	1
154	831.7	438.1	1
155	831.7	436.5	1
156	830.1	436.5	1
157	828.5	436.5	1
158	828.5	434.9	1
159	828.5	431.7	1
160	828.5	431.7	1
161	828.5	430.1	1
162	825.3	430.1	1
163	825.3	426.9	1
164	825.3	426.9	1
165	825.3	426.9	1
166	825.3	426.9	1
167	823.7	425.3	1
168	822.1	425.3	1
169	818.9	425.3	1
170	817.3	423.7	1
171	815.7	418.9	1
172	815.7	418.9	1
173	815.7	418.9	1
174	815.7	418.9	1
175	814.1	418.9	1
176	814.1	418.9	1
177	814.1	418.9	1
178	814.1	417.3	1
179	810.9	417.3	1
180	810.9	412.5	1
181	810.9	409.3	1
182	810.9	409.3	1
183	810.9	409.3	1
184	810.9	409.3	1
185	810.9	406.1	1
186	807.7	406.1	1
187	807.7	406.1	1
188	807.7	406.1	1
189	804.5	404.5	1
190	804.5	401.3	1
191	804.5	401.3	1
192	802.9	399.7	1
193	802.9	396.5	1
194	802.9	396.5	1
195	801.3	394.9	1
196	801.3	393.3	1
197	801.3	393.3	1
198	796.5	393.3	1
199	796.5	386.9	1
200	796.5	386.9	1
201	796.5	386.9	1
202	796.5	386.9	1
203	796.5	386.9	1
204	796.5	386.9	1
205	796.5	385.3	1
206	796.5	385.3	1
207	796.5	385.3	1
208	796.5	380.5	1
209	791.7	380.5	1
210	790.1	377.3	1
211	788.5	374.1	1
212	785.3	370.9	1
213	785.3	370.9	1
214	783.7	370.9	1
215	783.7	370.9	1
216	783.7	370.9	1
217	782.1	367.7	1
218	778.9	367.7	1
219	778.9	366.1	1
220	778.9	364.5	1
221	778.9	364.5	1
222	778.9	361.3	1
223	778.9	361.3	1
224	778.9	359.7	1
225	778.9	359.7	1
226	777.3	359.7	1
227	777.3	359.7	1
228	774.1	358.1	1
229	772.5	354.9	1
230	772.5	354.9	1
231	772.5	354.9	1
232	772.5	353.3	1
233	772.5	350.1	1
234	772.5	350.1	1
235	772.5	350.1	1
236	772.5	350.1	1
237	770.9	350.1	1
238	770.9	348.5	1
239	770.9	348.5	1
240	770.9	346.9	1
241	770.9	345.3	1
242	769.3	342.1	1
243	769.3	340.5	1
244	766.1	340.5	1
245	764.5	340.5	1
246	764.5	340.5	1
247	764.5	337.3	1
248	764.5	337.3	1
249	764.5	337.3	1
250	762.9	337.3	1
251	759.7	335.7	1
252	759.7	330.9	1
253	759.7	330.9	1
254	759.7	330.9	1
255	756.5	327.7	1
256	756.5	326.1	1
257	756.5	326.1	1
258	756.5	326.1	1
259	756.5	319.7	1
260	756.5	314.9	1
261	756.5	314.9	1
262	756.5	314.9	1
263	756.5	314.9	1
264	756.5	314.9	1
265	756.5	314.9	1
266	756.5	314.9	1
267	756.5	314.9	1
268	761.3	314.9	1
269	761.3	313.3	1
270	759.7	311.7	1
271	756.5	311.7	1
272	756.5	311.7	1
273	754.9	311.7	1
274	754.9	303.7	1
275	751.7	303.7	1
276	748.5	302.1	1
277	748.5	302.1	1
278	748.5	300.5	1
279	748.5	297.3	1
280	748.5	295.7	1
281	742.1	295.7	1
282	742.1	295.7	1
283	743.7	294.1	1
284	745.3	297.3	1
285	745.3	292.5	1
286	745.3	290.9	1
287	743.7	286.1	1
288	743.7	284.5	1
289	743.7	284.5	1
290	743.7	284.5	1
291	743.7	284.5	1
292	743.7	281.3	1
293	743.7	281.3	1
294	743.7	279.7	1
295	742.1	279.7	1
296	738.9	279.7	1
297	737.3	279.7	1
298	737.3	279.7	1
299	737.3	274.9	1
300	737.3	274.9	1
301	737.3	274.9	1
302	737.3	273.3	1
303	734.1	271.7	1
304	734.1	271.7	1
305	734.1	268.5	1
306	734.1	265.3	1
307	732.5	265.3	1
308	730.9	265.3	1
309	730.9	265.3	1
310	730.9	265.3	1
311	730.9	265.3	1
312	730.9	262.1	1
313	730.9	262.1	1
314	729.3	262.1	1
315	729.3	262.1	1
316	729.3	262.1	1
317	729.3	257.3	1
318	729.3	257.3	1
319	729.3	257.3	1
320	729.3	257.3	1
321	729.3	254.1	1
322	729.3	254.1	1
323	724.5	252.5	1
324	724.5	250.9	1
325	724.5	250.9	1
326	724.5	249.3	1
327	724.5	249.3	1
328	721.3	247.7	1
329	721.3	247.7	1
330	719.7	244.5	1
331	719.7	239.7	1
332	719.7	239.7	1
333	719.7	239.7	1
334	719.7	239.7	1
335	718.1	239.7	1
336	714.9	239.7	1
337	714.9	238.1	1
338	714.9	234.9	1
339	714.9	231.7	1
340	714.9	230.1	1
341	714.9	230.1	1
342	713.3	230.1	1
343	713.3	230.1	1
344	711.7	230.1	1
345	711.7	230.1	1
346	710.1	228.5	1
347	710.1	226.9	1
348	708.5	226.9	1
349	708.5	225.3	1
350	708.5	225.3	1
351	708.5	225.3	1
352	708.5	223.7	1
353	706.9	220.5	1
354	705.3	218.9	1
355	703.7	217.3	1
356	702.1	217.3	1
357	702.1	217.3	1
358	702.1	217.3	1
359	702.1	217.3	1
360	708.5	217.3	1
361	706.9	217.3	1
362	705.3	217.3	1
363	703.7	217.3	1
364	702.1	217.3	1
365	702.1	217.3	1
366	702.1	217.3	1
367	697.3	214.1	1
368	697.3	214.1	1
369	695.7	214.1	1
370	695.7	214.1	1
371	695.7	214.1	1
372	692.5	214.1	1
373	690.9	212.5	1
