2	959.64	538.5	1
3	964.22	538.5	1
4	964.22	538.5	1
5	964.22	538.5	1
6	964.22	538.5	1
7	967.08	538.5	1
8	967.08	538.5	1
9	967.08	538.5	1
10	967.08	538.5	1
11	967.08	538.5	1
12	967.08	538.5	1
13	967.08	538.5	1
14	967.08	538.5	1
15	960.21	539.64	1
16	960.21	532.78	1
17	960.21	532.78	1
18	960.21	532.78	1
19	961.36	534.49	1
20	961.93	535.07	1
21	964.22	536.78	1
22	965.36	536.78	1
23	965.36	536.78	1
24	967.08	536.78	1
25	967.08	536.78	1
26	964.79	536.78	1
27	964.22	536.78	1
28	961.93	537.93	1
29	958.5	538.5	1
30	958.5	538.5	1
31	958.5	538.5	1
32	958.5	538.5	1
33	961.36	536.78	1
34	961.93	535.64	1
35	961.93	535.64	1
36	963.65	535.64	1
37	965.93	535.64	1
38	967.08	535.64	1
39	967.65	535.64	1
40	968.79	536.21	1
41	965.93	536.78	1
42	964.79	536.78	1
43	964.79	536.78	1
44	965.36	536.78	1
45	965.93	536.78	1
46	965.93	536.78	1
47	967.65	536.78	1
48	968.79	536.78	1
49	974.51	536.78	1
50	975.66	536.78	1
51	976.8	537.93	1
52	976.8	537.93	1
53	973.94	540.21	1
54	973.94	540.21	1
55	974.51	540.21	1
56	977.38	540.79	1
57	978.52	540.79	1
58	978.52	540.79	1
59	979.66	540.79	1
60	984.24	540.79	1
61	986.53	541.93	1
62	988.24	543.65	1
63	989.96	547.65	1
64	989.96	549.94	1
65	990.53	555.09	1
66	992.25	555.09	1
67	998.54	556.23	1
68	1006	557.95	1
69	1008.8	560.81	1
70	1003.1	565.96	1
71	1006.5	565.38	1
72	1009.4	564.24	1
73	1010	564.24	1
74	1014	563.67	1
75	1016.3	563.67	1
76	1020.8	563.67	1
77	1020.3	563.67	1
78	1019.7	564.81	1
79	1018.6	564.81	1
80	1018.6	564.81	1
81	1019.7	565.96	1
82	1025.4	567.67	1
83	1027.7	568.82	1
84	1029.4	570.53	1
85	1027.7	571.68	1
86	1022.6	581.4	1
87	1025.4	581.4	1
88	1026.6	581.4	1
89	1019.7	581.4	1
90	1023.1	581.4	1
91	1029.4	582.54	1
92	1030.6	582.54	1
93	1030.6	582.54	1
94	1030	582.54	1
95	1027.7	585.98	1
96	1027.7	586.55	1
97	1027.1	588.26	1
98	1027.1	590.55	1
99	1030.6	591.7	1
100	1032.3	591.7	1
101	1032.3	591.7	1
102	1032.3	595.7	1
103	1033.4	596.27	1
104	1035.2	597.42	1
105	1037.4	597.99	1
106	1039.2	601.42	1
107	1039.2	601.42	1
108	1040.3	601.42	1
109	1037.4	603.71	1
110	1040.3	603.71	1
111	1040.9	603.71	1
112	1043.2	604.28	1
113	1046	606	1
114	1047.7	611.72	1
115	1047.7	611.72	1
116	1047.7	611.72	1
117	1050	615.15	1
118	1050.6	615.72	1
119	1050.6	618.01	1
120	1051.7	622.59	1
121	1051.7	622.59	1
122	1052.3	623.16	1
123	1056.3	624.88	1
124	1057.5	624.88	1
125	1057.5	624.88	1
126	1057.5	624.88	1
127	1058	626.59	1
128	1060.3	628.88	1
129	1063.2	628.88	1
130	1064.3	632.31	1
131	1064.3	635.17	1
132	1065.5	636.32	1
133	1067.8	639.18	1
134	1067.8	639.18	1
135	1068.9	639.18	1
136	1071.8	640.32	1
137	1071.8	644.32	1
138	1076.9	644.9	1
139	1079.2	646.61	1
140	1079.8	650.04	1
141	1079.8	650.04	1
142	1079.8	650.04	1
143	1083.2	651.76	1
144	1085.5	653.48	1
145	1087.2	654.05	1
146	1088.9	655.76	1
147	1088.9	655.76	1
148	1091.2	656.34	1
149	1092.9	656.34	1
150	1092.9	658.05	1
151	1092.9	659.2	1
152	1092.9	659.2	1
153	1095.2	661.49	1
154	1096.4	661.49	1
155	1100.4	663.77	1
156	1100.4	663.77	1
157	1102.7	665.49	1
158	1107.8	669.49	1
159	1109.5	670.64	1
160	1110.7	670.64	1
161	1113.5	671.78	1
162	1114.1	671.78	1
163	1114.1	671.78	1
164	1119.2	671.78	1
165	1125	671.78	1
166	1124.4	672.93	1
167	1118.7	674.64	1
168	1118.7	674.64	1
169	1125.5	677.5	1
170	1125.5	678.65	1
171	1125.5	678.65	1
172	1127.2	682.65	1
173	1127.8	682.65	1
174	1127.8	682.65	1
175	1129	684.94	1
176	1133.5	688.94	1
177	1133.5	688.94	1
178	1135.3	688.94	1
179	1138.7	691.8	1
180	1139.3	691.8	1
181	1139.3	691.8	1
182	1140.4	692.38	1
183	1142.7	695.81	1
184	1145	696.38	1
185	1146.7	696.95	1
186	1147.3	698.1	1
187	1152.4	699.81	1
188	1153	699.81	1
189	1153	699.81	1
190	1155.8	699.81	1
191	1155.8	699.81	1
192	1156.4	699.81	1
193	1158.7	700.38	1
194	1159.9	700.38	1
195	1162.1	701.53	1
196	1165.6	702.67	1
197	1166.1	703.82	1
198	1167.9	707.25	1
199	1169.6	707.82	1
200	1170.2	707.82	1
201	1171.3	707.82	1
202	1174.2	707.82	1
203	1174.2	707.82	1
204	1175.3	708.39	1
205	1177.6	711.25	1
206	1179.3	711.25	1
207	1179.9	711.25	1
208	1181.6	714.11	1
209	1181.6	714.11	1
210	1182.7	714.11	1
211	1185.6	715.26	1
212	1188.5	717.54	1
213	1190.7	718.12	1
214	1194.2	719.26	1
215	1194.2	719.83	1
216	1194.2	720.98	1
217	1194.2	720.98	1
218	1194.2	720.98	1
219	1194.7	720.98	1
220	1197	723.84	1
221	1202.2	725.55	1
222	1204.5	727.27	1
223	1206.8	728.41	1
224	1208.5	728.41	1
225	1209.6	728.41	1
226	1212.5	731.27	1
227	1212.5	732.99	1
228	1213.6	733.56	1
229	1214.2	734.71	1
230	1211.3	734.71	1
231	1211.3	734.71	1
232	1211.3	736.42	1
233	1213.1	738.71	1
234	1214.2	739.28	1
235	1215.9	742.71	1
236	1215.9	743.29	1
237	1218.8	746.15	1
238	1216.5	747.29	1
239	1217.1	747.29	1
240	1216.5	750.72	1
241	1216.5	750.72	1
242	1219.9	750.72	1
243	1221.1	750.72	1
244	1223.3	750.72	1
245	1226.8	754.73	1
246	1226.8	754.73	1
247	1226.8	754.73	1
248	1228.5	755.87	1
249	1229.6	755.87	1
250	1230.8	756.44	1
251	1230.8	756.44	1
252	1234.8	760.45	1
253	1235.4	760.45	1
254	1236.5	762.16	1
255	1236.5	763.31	1
256	1238.8	765.6	1
257	1239.4	766.17	1
258	1239.4	766.17	1
259	1242.2	767.31	1
260	1242.8	767.31	1
261	1241.7	767.88	1
262	1241.7	769.6	1
263	1242.2	770.17	1
264	1241.7	771.32	1
265	1241.1	773.6	1
266	1241.1	773.6	1
267	1241.1	774.18	1
268	1244.5	774.18	1
269	1244.5	774.18	1
270	1245.1	777.04	1
271	1249.7	781.04	1
272	1250.2	781.61	1
273	1252.5	783.33	1
274	1252.5	783.33	1
275	1256	783.33	1
276	1256	783.33	1
277	1256	783.33	1
278	1256	783.33	1
279	1259.4	783.33	1
280	1259.4	783.33	1
