35	446.12	380.26	1
36	446.12	381.84	1
37	442.17	381.84	1
38	441.38	380.26	1
39	439.8	380.26	1
40	439.01	380.26	1
41	439.01	380.26	1
42	437.43	384.21	1
43	437.43	384.21	1
44	439.01	375.52	1
45	437.43	375.52	1
46	435.06	375.52	1
47	432.68	375.52	1
48	432.68	372.36	1
49	430.31	362.87	1
50	429.52	360.5	1
51	427.94	360.5	1
52	427.15	358.92	1
53	425.57	355.76	1
54	422.41	355.76	1
55	411.35	353.39	1
56	408.97	351.81	1
57	408.97	349.44	1
58	408.97	348.64	1
59	401.86	348.64	1
60	396.33	349.44	1
61	392.38	349.44	1
62	392.38	349.44	1
63	389.22	349.44	1
64	385.26	351.02	1
65	380.52	353.39	1
66	375.78	362.87	1
67	373.41	369.98	1
68	373.41	377.1	1
69	373.41	380.26	1
70	373.41	384.21	1
71	366.3	391.32	1
72	363.92	393.69	1
73	360.76	398.44	1
74	356.81	405.55	1
75	354.44	407.92	1
76	356.81	415.03	1
77	359.18	410.29	1
78	359.18	407.92	1
79	361.55	415.82	1
80	363.13	418.19	1
81	366.3	418.19	1
82	368.67	421.36	1
83	371.04	424.52	1
84	371.04	426.89	1
85	371.04	434	1
86	371.04	438.74	1
87	371.04	445.07	1
88	371.04	445.86	1
89	378.15	449.02	1
90	382.89	451.39	1
91	385.26	452.97	1
92	387.64	456.13	1
93	393.96	457.71	1
94	398.7	457.71	1
95	401.86	455.34	1
96	404.23	453.76	1
97	408.97	452.97	1
98	417.67	452.97	1
99	423.2	452.97	1
100	427.94	452.97	1
101	434.27	452.97	1
102	439.8	452.18	1
103	446.12	451.39	1
104	448.49	451.39	1
105	451.65	451.39	1
106	457.98	451.39	1
107	463.51	451.39	1
108	468.25	451.39	1
109	475.36	451.39	1
110	480.1	451.39	1
111	484.06	451.39	1
112	488.8	451.39	1
113	491.96	451.39	1
114	498.28	451.39	1
115	503.82	449.02	1
116	510.14	434.79	1
117	510.93	431.63	1
118	512.51	431.63	1
119	517.25	430.84	1
120	517.25	429.26	1
121	518.04	428.47	1
122	524.36	423.73	1
123	525.15	422.15	1
124	537.01	412.66	1
125	538.59	407.92	1
126	538.59	405.55	1
127	540.96	396.07	1
128	540.96	393.69	1
129	540.96	391.32	1
130	540.96	385	1
131	541.75	374.73	1
132	541.75	369.98	1
133	540.96	362.87	1
134	540.96	362.87	1
135	540.17	355.76	1
136	539.38	355.76	1
137	534.64	348.64	1
138	532.27	343.9	1
139	531.48	334.42	1
140	527.53	327.31	1
141	526.73	325.73	1
142	525.15	316.24	1
143	522.78	304.39	1
144	522.78	301.22	1
145	520.41	293.32	1
146	520.41	292.53	1
147	520.41	287	1
148	518.04	281.47	1
149	518.04	279.89	1
150	515.67	274.35	1
151	510.93	269.61	1
152	507.77	265.66	1
153	500.65	265.66	1
154	496.7	264.87	1
155	494.33	260.92	1
156	491.17	260.92	1
157	481.69	257.76	1
158	474.57	257.76	1
159	465.88	258.55	1
160	461.14	259.34	1
161	456.39	262.5	1
162	449.28	266.45	1
163	439.8	265.66	1
164	435.06	263.29	1
165	431.89	262.5	1
166	425.57	262.5	1
167	420.83	262.5	1
168	416.09	262.5	1
169	411.35	263.29	1
170	406.6	260.13	1
171	399.49	251.43	1
172	393.96	249.85	1
173	390.01	249.06	1
174	378.15	246.69	1
175	370.25	242.74	1
176	367.88	242.74	1
177	366.3	241.95	1
178	360.76	240.37	1
179	356.81	239.58	1
180	354.44	238.79	1
181	342.59	237.21	1
182	340.21	237.21	1
183	334.68	238.79	1
184	328.36	240.37	1
185	324.41	242.74	1
186	319.67	247.48	1
187	318.09	250.64	1
188	317.29	255.38	1
189	313.34	260.13	1
190	308.6	267.24	1
191	306.23	269.61	1
192	303.07	275.14	1
193	299.91	283.05	1
194	296.75	287.79	1
195	293.58	293.32	1
196	291.21	298.06	1
197	288.05	301.22	1
198	287.26	303.6	1
199	286.47	313.87	1
200	288.84	330.47	1
201	289.63	332.05	1
202	291.21	336.79	1
203	296.75	344.69	1
204	302.28	346.27	1
205	304.65	348.64	1
206	314.92	349.44	1
207	320.46	351.02	1
208	325.99	360.5	1
209	328.36	365.24	1
210	330.73	365.24	1
211	339.42	368.4	1
212	347.33	372.36	1
213	349.7	373.15	1
214	354.44	377.1	1
215	358.39	379.47	1
216	363.92	381.84	1
217	366.3	381.84	1
218	370.25	382.63	1
219	374.99	384.21	1
220	382.89	384.21	1
221	390.01	387.37	1
222	394.75	392.11	1
223	398.7	398.44	1
224	401.86	399.23	1
225	406.6	400.81	1
226	415.3	403.97	1
227	420.83	405.55	1
228	427.15	407.92	1
229	427.15	407.92	1
230	437.43	413.45	1
231	444.54	419.78	1
232	446.91	420.57	1
233	456.39	427.68	1
234	458.77	433.21	1
235	462.72	437.95	1
236	463.51	438.74	1
237	470.62	444.28	1
238	475.36	449.02	1
239	481.69	453.76	1
240	484.85	456.13	1
241	491.96	456.92	1
242	498.28	456.92	1
243	507.77	451.39	1
244	510.14	449.02	1
245	518.04	446.65	1
246	525.15	445.86	1
247	530.69	445.07	1
248	537.8	439.53	1
249	538.59	438.74	1
250	546.49	427.68	1
251	548.86	424.52	1
252	551.24	421.36	1
253	552.82	419.78	1
254	555.98	417.4	1
255	559.93	412.66	1
256	569.41	403.97	1
257	573.36	401.6	1
258	575.74	400.81	1
259	592.33	392.11	1
260	594.7	391.32	1
261	601.82	384.21	1
262	604.98	377.1	1
263	607.35	374.73	1
264	612.09	373.15	1
265	612.88	373.15	1
266	618.41	370.77	1
267	627.9	365.24	1
268	630.27	362.87	1
269	631.85	360.5	1
270	640.54	354.18	1
271	645.29	351.02	1
272	648.45	348.64	1
273	652.4	346.27	1
274	656.35	343.9	1
275	673.74	341.53	1
276	684.8	339.95	1
277	684.8	339.95	1
278	691.13	341.53	1
279	701.4	343.9	1
280	701.4	343.9	1
281	706.14	343.9	1
282	716.42	343.9	1
283	725.11	344.69	1
284	731.43	347.06	1
285	742.5	351.02	1
286	746.45	353.39	1
287	748.82	353.39	1
288	751.19	353.39	1
289	753.56	353.39	1
290	753.56	353.39	1
291	753.56	353.39	1
