1	465.88	388.95	1
2	465.88	391.32	1
3	465.88	392.11	1
4	465.88	392.11	1
5	467.46	393.69	1
6	467.46	394.48	1
7	467.46	394.48	1
8	467.46	394.48	1
9	467.46	394.48	1
10	468.25	396.07	1
11	468.25	396.86	1
12	468.25	396.86	1
13	469.83	396.86	1
14	469.83	396.07	1
15	469.83	396.07	1
16	472.2	396.07	1
17	472.2	396.07	1
18	472.99	394.48	1
19	472.99	393.69	1
20	470.62	393.69	1
21	470.62	394.48	1
22	470.62	394.48	1
23	472.2	394.48	1
24	472.2	394.48	1
25	472.2	394.48	1
26	472.2	394.48	1
27	472.99	394.48	1
28	472.99	394.48	1
29	472.99	394.48	1
30	472.99	394.48	1
31	472.99	394.48	1
32	472.99	394.48	1
33	472.99	394.48	1
34	472.99	394.48	1
35	472.99	394.48	1
36	472.99	394.48	1
37	472.99	394.48	1
38	477.73	393.69	1
39	479.31	393.69	1
40	480.1	393.69	1
41	480.1	394.48	1
42	480.1	394.48	1
43	477.73	394.48	1
44	477.73	394.48	1
45	477.73	394.48	1
46	477.73	394.48	1
47	477.73	396.07	1
48	477.73	396.07	1
49	476.94	396.07	1
50	475.36	396.07	1
51	475.36	396.07	1
52	475.36	396.07	1
53	475.36	396.07	1
54	475.36	396.07	1
55	475.36	396.07	1
56	479.31	396.07	1
57	480.1	396.07	1
58	480.1	396.07	1
59	479.31	396.07	1
60	479.31	396.07	1
61	479.31	396.07	1
62	479.31	396.07	1
63	479.31	396.07	1
64	479.31	396.07	1
65	479.31	392.11	1
66	480.1	392.11	1
67	480.1	391.32	1
68	482.48	391.32	1
69	482.48	391.32	1
70	482.48	391.32	1
71	482.48	391.32	1
72	482.48	391.32	1
73	484.06	391.32	1
74	484.06	391.32	1
75	482.48	391.32	1
76	482.48	391.32	1
77	482.48	391.32	1
78	482.48	391.32	1
79	482.48	391.32	1
80	482.48	391.32	1
81	482.48	391.32	1
82	482.48	389.74	1
83	482.48	389.74	1
84	482.48	389.74	1
85	482.48	389.74	1
86	484.06	389.74	1
87	484.06	389.74	1
88	484.06	389.74	1
89	484.06	389.74	1
90	484.06	389.74	1
91	484.06	389.74	1
92	484.06	389.74	1
93	484.06	389.74	1
94	484.06	389.74	1
95	481.69	388.95	1
96	482.48	388.95	1
97	484.06	388.95	1
98	484.06	388.95	1
99	484.06	388.95	1
100	484.06	388.95	1
101	484.06	388.95	1
102	484.06	388.95	1
103	484.06	388.95	1
104	484.06	388.95	1
105	484.06	388.95	1
106	484.85	388.95	1
107	484.85	388.95	1
108	484.85	388.95	1
109	484.85	388.95	1
110	484.85	388.95	1
111	484.85	388.95	1
112	484.85	388.95	1
113	486.43	388.95	1
114	486.43	387.37	1
115	486.43	387.37	1
116	486.43	387.37	1
117	487.22	387.37	1
118	487.22	387.37	1
119	487.22	387.37	1
120	487.22	387.37	1
121	487.22	387.37	1
122	487.22	387.37	1
123	487.22	387.37	1
124	487.22	388.95	1
125	487.22	388.95	1
126	487.22	388.95	1
127	487.22	388.95	1
128	487.22	388.95	1
129	488.8	387.37	1
130	488.8	387.37	1
131	488.8	387.37	1
132	488.8	387.37	1
133	488.8	387.37	1
134	488.8	387.37	1
135	488.8	387.37	1
136	488.8	387.37	1
137	488.8	387.37	1
138	491.96	387.37	1
139	491.96	387.37	1
140	491.96	387.37	1
141	491.96	386.58	1
142	491.96	386.58	1
143	491.96	386.58	1
144	491.96	386.58	1
145	491.96	386.58	1
146	491.96	386.58	1
147	491.96	386.58	1
148	491.96	386.58	1
149	491.96	386.58	1
150	491.96	386.58	1
151	491.96	386.58	1
152	491.96	386.58	1
153	493.54	386.58	1
154	493.54	386.58	1
155	493.54	386.58	1
156	493.54	386.58	1
157	493.54	386.58	1
158	493.54	386.58	1
159	493.54	388.95	1
160	493.54	388.95	1
161	493.54	388.95	1
162	493.54	388.95	1
163	493.54	388.95	1
164	493.54	388.95	1
165	493.54	388.95	1
166	496.7	388.95	1
167	496.7	388.95	1
168	494.33	388.95	1
169	494.33	388.95	1
170	493.54	388.95	1
171	493.54	388.95	1
172	493.54	388.95	1
173	494.33	388.95	1
174	495.91	388.95	1
175	496.7	386.58	1
176	499.07	386.58	1
177	499.07	386.58	1
178	501.44	386.58	1
179	503.82	386.58	1
180	503.82	386.58	1
181	503.82	386.58	1
182	503.82	386.58	1
183	503.82	386.58	1
184	503.82	386.58	1
185	503.82	386.58	1
186	503.82	386.58	1
187	503.82	386.58	1
188	503.82	386.58	1
189	503.82	386.58	1
190	505.4	386.58	1
191	505.4	386.58	1
192	505.4	386.58	1
193	505.4	386.58	1
194	505.4	386.58	1
195	505.4	386.58	1
196	505.4	386.58	1
197	505.4	386.58	1
198	505.4	386.58	1
199	505.4	386.58	1
200	505.4	386.58	1
201	505.4	386.58	1
202	505.4	386.58	1
203	505.4	386.58	1
204	505.4	386.58	1
205	505.4	386.58	1
206	505.4	386.58	1
207	505.4	386.58	1
208	505.4	386.58	1
209	505.4	386.58	1
210	505.4	386.58	1
211	505.4	386.58	1
212	505.4	386.58	1
213	505.4	386.58	1
214	505.4	386.58	1
215	505.4	386.58	1
216	505.4	386.58	1
217	505.4	386.58	1
218	505.4	386.58	1
219	505.4	386.58	1
220	505.4	386.58	1
221	505.4	386.58	1
222	505.4	386.58	1
223	505.4	386.58	1
224	505.4	386.58	1
225	506.19	386.58	1
226	506.19	386.58	1
227	507.77	386.58	1
228	507.77	386.58	1
229	508.56	386.58	1
230	508.56	386.58	1
231	508.56	386.58	1
232	508.56	384.21	1
233	508.56	384.21	1
234	508.56	386.58	1
235	508.56	386.58	1
236	508.56	386.58	1
237	508.56	386.58	1
238	508.56	386.58	1
239	508.56	386.58	1
240	508.56	386.58	1
241	508.56	386.58	1
242	508.56	386.58	1
243	508.56	386.58	1
244	508.56	386.58	1
245	508.56	386.58	1
246	508.56	386.58	1
247	510.14	386.58	1
248	510.14	386.58	1
249	510.14	386.58	1
250	510.14	386.58	1
251	510.14	386.58	1
252	510.14	386.58	1
253	510.14	386.58	1
254	510.93	386.58	1
255	510.93	386.58	1
256	510.93	386.58	1
257	510.93	386.58	1
258	510.93	386.58	1
259	510.93	386.58	1
260	510.93	386.58	1
261	510.93	386.58	1
262	510.93	386.58	1
263	510.93	386.58	1
264	510.93	386.58	1
265	510.93	386.58	1
266	510.93	386.58	1
267	510.93	386.58	1
268	510.93	386.58	1
269	510.93	386.58	1
270	513.3	386.58	1
271	513.3	386.58	1
272	513.3	386.58	1
273	513.3	386.58	1
274	513.3	386.58	1
275	513.3	384.21	1
276	513.3	384.21	1
277	514.88	384.21	1
278	514.88	384.21	1
279	515.67	384.21	1
280	515.67	384.21	1
281	515.67	384.21	1
282	515.67	384.21	1
283	515.67	387.37	1
284	517.25	386.58	1
285	518.04	385	1
286	518.04	385	1
287	518.04	384.21	1
288	518.04	384.21	1
289	520.41	384.21	1
290	520.41	384.21	1
291	521.99	384.21	1
292	522.78	384.21	1
293	524.36	384.21	1
294	525.15	384.21	1
295	525.15	384.21	1
296	526.73	384.21	1
297	522.78	386.58	1
298	522.78	386.58	1
299	522.78	386.58	1
