1	470.26	336.22	1
2	470.26	336.22	1
3	470.26	336.22	1
4	470.26	336.22	1
5	470.26	336.22	1
6	470.26	336.22	1
7	470.26	336.22	1
8	471.78	336.22	1
9	472.53	336.22	1
10	474.05	336.22	1
11	474.05	336.22	1
12	474.05	336.22	1
13	474.05	336.22	1
14	474.81	336.22	1
15	474.81	336.22	1
16	474.81	336.22	1
17	474.81	336.22	1
18	474.81	334.7	1
19	474.81	334.7	1
20	474.81	333.95	1
21	474.81	333.95	1
22	474.81	333.95	1
23	474.81	333.95	1
24	474.81	333.95	1
25	472.53	336.22	1
26	472.53	336.22	1
27	472.53	336.22	1
28	474.05	336.22	1
29	474.81	334.7	1
30	474.81	334.7	1
31	474.81	333.95	1
32	474.81	333.95	1
33	474.81	333.95	1
34	476.33	333.95	1
35	476.33	333.95	1
36	476.33	333.95	1
37	476.33	333.95	1
38	476.33	333.95	1
39	476.33	333.95	1
40	476.33	333.95	1
41	476.33	333.95	1
42	476.33	333.95	1
43	479.36	330.91	1
44	479.36	328.63	1
45	481.64	327.88	1
46	481.64	326.36	1
47	481.64	326.36	1
48	481.64	327.88	1
49	481.64	327.88	1
50	481.64	327.88	1
51	481.64	327.88	1
52	481.64	327.88	1
53	481.64	327.88	1
54	481.64	327.88	1
55	481.64	327.88	1
56	481.64	327.88	1
57	481.64	327.88	1
58	483.16	327.88	1
59	483.16	327.88	1
60	483.16	327.88	1
61	481.64	323.32	1
62	481.64	323.32	1
63	481.64	323.32	1
64	481.64	323.32	1
65	481.64	324.08	1
66	481.64	324.08	1
67	481.64	323.32	1
68	481.64	322.57	1
69	481.64	322.57	1
70	483.16	323.32	1
71	483.16	323.32	1
72	483.91	323.32	1
73	483.91	324.84	1
74	483.91	324.84	1
75	483.91	324.84	1
76	483.91	324.84	1
77	483.16	324.08	1
78	483.16	324.08	1
79	481.64	323.32	1
80	481.64	323.32	1
81	481.64	323.32	1
82	481.64	323.32	1
83	481.64	323.32	1
84	483.16	322.57	1
85	483.16	322.57	1
86	483.16	322.57	1
87	483.91	322.57	1
88	483.91	322.57	1
89	483.91	322.57	1
90	483.91	322.57	1
91	483.91	322.57	1
92	483.91	322.57	1
93	483.91	322.57	1
94	485.43	321.81	1
95	485.43	320.29	1
96	485.43	320.29	1
97	485.43	319.53	1
98	485.43	318.77	1
99	485.43	318.77	1
100	486.19	317.25	1
101	486.19	317.25	1
102	486.19	317.25	1
103	483.16	313.46	1
104	483.91	313.46	1
105	483.91	313.46	1
106	485.43	313.46	1
107	485.43	313.46	1
108	485.43	313.46	1
109	485.43	312.7	1
110	485.43	312.7	1
111	486.19	312.7	1
112	486.19	312.7	1
113	486.19	312.7	1
114	486.19	312.7	1
115	486.19	312.7	1
116	486.19	312.7	1
117	486.19	312.7	1
118	486.19	312.7	1
119	486.19	312.7	1
120	486.19	312.7	1
121	486.19	312.7	1
122	486.19	312.7	1
123	486.19	312.7	1
124	486.19	312.7	1
125	486.19	312.7	1
126	487.71	311.94	1
127	488.47	311.94	1
128	490.74	312.7	1
129	490.74	312.7	1
130	490.74	312.7	1
131	492.26	311.94	1
132	492.26	311.94	1
133	492.26	311.94	1
134	493.02	311.94	1
135	494.54	311.18	1
136	494.54	311.18	1
137	489.98	311.18	1
138	490.74	311.18	1
139	493.02	310.43	1
140	495.29	309.67	1
141	495.29	308.91	1
142	495.29	308.91	1
143	495.29	308.91	1
144	495.29	308.91	1
145	495.29	308.91	1
146	495.29	308.91	1
147	495.29	308.91	1
148	495.29	308.91	1
149	495.29	308.91	1
150	495.29	308.91	1
151	496.81	308.91	1
152	497.57	308.91	1
153	497.57	307.39	1
154	497.57	306.63	1
155	497.57	305.87	1
156	497.57	305.87	1
157	497.57	305.87	1
158	497.57	304.36	1
159	497.57	304.36	1
160	497.57	303.6	1
161	496.81	303.6	1
162	496.81	303.6	1
163	496.81	303.6	1
164	496.81	300.56	1
165	495.29	298.29	1
166	496.81	299.8	1
167	497.57	301.32	1
168	499.85	301.32	1
169	499.85	300.56	1
170	501.36	297.53	1
171	501.36	297.53	1
172	501.36	297.53	1
173	501.36	297.53	1
174	501.36	296.77	1
175	501.36	296.01	1
176	502.12	296.01	1
177	502.12	296.01	1
178	502.12	295.25	1
179	502.12	295.25	1
180	502.12	295.25	1
181	502.12	295.25	1
182	503.64	295.25	1
183	503.64	294.49	1
184	503.64	294.49	1
185	504.4	294.49	1
186	504.4	294.49	1
187	505.92	293.73	1
188	505.92	293.73	1
189	505.92	293.73	1
190	506.67	293.73	1
191	508.95	293.73	1
192	508.95	293.73	1
193	508.95	292.98	1
194	508.95	292.98	1
195	508.95	292.98	1
196	508.95	292.98	1
197	508.95	292.98	1
198	508.95	292.98	1
199	508.95	292.98	1
200	508.95	292.98	1
201	510.47	292.22	1
202	511.23	292.22	1
203	511.23	292.22	1
204	511.23	292.22	1
205	511.23	292.22	1
206	511.23	292.22	1
207	511.23	292.22	1
208	511.23	291.46	1
209	511.23	291.46	1
210	511.23	291.46	1
211	511.23	291.46	1
212	511.23	291.46	1
213	511.23	291.46	1
214	511.23	291.46	1
215	511.23	291.46	1
216	511.23	291.46	1
217	511.23	291.46	1
218	511.23	291.46	1
219	511.23	291.46	1
220	511.23	291.46	1
221	511.23	291.46	1
222	511.23	290.7	1
223	511.23	290.7	1
224	511.23	289.18	1
225	511.23	287.67	1
226	511.23	286.91	1
227	511.23	286.91	1
228	512.74	286.91	1
229	512.74	285.39	1
230	512.74	284.63	1
231	512.74	283.87	1
232	512.74	283.87	1
233	512.74	283.87	1
234	515.02	283.87	1
235	515.78	283.87	1
236	518.06	283.11	1
237	518.06	282.35	1
238	518.06	282.35	1
239	520.33	285.39	1
240	520.33	285.39	1
241	519.57	283.87	1
242	519.57	283.87	1
243	519.57	282.35	1
244	519.57	282.35	1
245	519.57	282.35	1
246	519.57	282.35	1
247	519.57	281.6	1
248	519.57	280.84	1
249	519.57	280.84	1
250	519.57	280.84	1
251	520.33	279.32	1
252	520.33	279.32	1
253	522.61	278.56	1
254	522.61	278.56	1
255	524.88	278.56	1
256	524.88	278.56	1
257	527.16	278.56	1
258	528.68	277.8	1
259	528.68	277.8	1
260	528.68	277.04	1
261	528.68	277.04	1
262	531.71	275.53	1
263	531.71	274.77	1
264	531.71	274.77	1
265	533.23	274.77	1
266	533.23	274.77	1
267	533.23	274.77	1
268	536.26	274.01	1
269	537.78	272.49	1
270	538.54	271.73	1
271	539.3	270.22	1
272	540.06	269.46	1
273	540.82	268.7	1
274	545.37	266.42	1
275	549.92	265.66	1
276	558.27	264.15	1
277	565.09	264.15	1
278	570.41	258.08	1
279	577.23	252.01	1
280	577.23	252.01	1
281	577.23	252.01	1
282	593.17	242.14	1
283	595.44	240.63	1
284	598.48	236.83	1
285	601.51	235.32	1
286	607.58	234.56	1
287	610.62	230.76	1
288	615.93	226.21	1
289	623.51	223.18	1
290	628.82	220.9	1
291	631.86	219.38	1
292	636.41	218.62	1
293	640.96	217.87	1
294	643.24	217.11	1
295	644	216.35	1
296	645.52	215.59	1
297	649.31	214.83	1
298	656.9	211.04	1
299	677.38	206.49	1
