7	451.65	375.52	1
8	451.65	375.52	1
9	451.65	375.52	1
10	453.23	379.47	1
11	451.65	379.47	1
12	451.65	379.47	1
13	453.23	380.26	1
14	454.02	380.26	1
15	454.02	379.47	1
16	454.02	379.47	1
17	455.6	379.47	1
18	456.39	377.1	1
19	454.02	377.1	1
20	454.02	377.1	1
21	454.02	377.1	1
22	456.39	374.73	1
23	456.39	373.15	1
24	456.39	372.36	1
25	456.39	372.36	1
26	456.39	372.36	1
27	456.39	374.73	1
28	456.39	374.73	1
29	456.39	374.73	1
30	456.39	374.73	1
31	455.6	374.73	1
32	455.6	374.73	1
33	455.6	374.73	1
34	455.6	374.73	1
35	455.6	374.73	1
36	455.6	374.73	1
37	455.6	375.52	1
38	455.6	375.52	1
39	455.6	375.52	1
40	454.02	377.1	1
41	454.02	377.1	1
42	454.02	377.1	1
43	453.23	377.89	1
44	451.65	377.89	1
45	449.28	377.89	1
46	449.28	377.89	1
47	449.28	379.47	1
48	448.49	379.47	1
49	444.54	384.21	1
50	444.54	385	1
51	443.75	389.74	1
52	442.17	396.07	1
53	439.8	405.55	1
54	439.8	405.55	1
55	439.8	413.45	1
56	439.01	418.19	1
57	437.43	421.36	1
58	437.43	421.36	1
59	434.27	423.73	1
60	432.68	426.1	1
61	430.31	429.26	1
62	427.94	434.79	1
63	422.41	445.07	1
64	415.3	451.39	1
65	410.55	453.76	1
66	406.6	456.92	1
67	401.86	458.5	1
68	397.12	459.29	1
69	397.12	459.29	1
70	392.38	460.87	1
71	387.64	465.62	1
72	382.89	468.78	1
73	375.78	475.1	1
74	368.67	477.47	1
75	361.55	477.47	1
76	361.55	478.26	1
77	359.18	479.84	1
78	358.39	479.84	1
79	359.18	480.63	1
80	358.39	479.05	1
81	356.81	479.05	1
82	354.44	477.47	1
83	353.65	477.47	1
84	353.65	477.47	1
85	353.65	477.47	1
86	353.65	477.47	1
87	353.65	477.47	1
88	353.65	477.47	1
89	353.65	477.47	1
90	353.65	477.47	1
91	353.65	477.47	1
92	354.44	473.52	1
93	354.44	473.52	1
94	353.65	473.52	1
95	352.07	473.52	1
96	351.28	473.52	1
97	349.7	473.52	1
98	348.91	472.73	1
99	348.91	471.94	1
100	348.91	471.94	1
101	348.91	471.94	1
102	347.33	471.94	1
103	347.33	471.94	1
104	347.33	471.94	1
105	344.96	471.94	1
106	346.54	474.31	1
107	346.54	474.31	1
108	344.96	475.1	1
109	344.96	475.89	1
110	344.96	476.68	1
111	344.17	476.68	1
112	344.17	476.68	1
113	344.17	476.68	1
114	344.17	478.26	1
115	344.17	479.05	1
116	344.17	479.05	1
117	344.17	477.47	1
118	344.17	477.47	1
119	344.17	478.26	1
120	344.17	479.84	1
121	342.59	480.63	1
122	340.21	481.42	1
123	340.21	482.21	1
124	337.84	482.21	1
125	335.47	482.21	1
126	333.1	483	1
127	330.73	483.79	1
128	325.99	485.37	1
129	317.29	489.33	1
130	310.18	489.33	1
131	308.6	490.12	1
132	295.96	493.28	1
133	293.58	493.28	1
134	288.84	493.28	1
135	283.31	492.49	1
136	285.68	490.12	1
137	285.68	490.12	1
138	285.68	490.12	1
139	285.68	486.95	1
140	285.68	486.95	1
141	285.68	486.95	1
142	284.89	490.91	1
143	284.89	490.91	1
144	284.89	491.7	1
145	284.1	492.49	1
146	284.1	491.7	1
147	284.89	485.37	1
148	284.89	487.74	1
149	284.89	487.74	1
150	284.89	487.74	1
151	284.89	487.74	1
152	284.89	490.12	1
153	284.89	490.12	1
154	284.89	490.12	1
155	284.89	490.12	1
156	284.89	490.12	1
157	284.89	490.91	1
158	283.31	491.7	1
159	279.36	491.7	1
160	278.57	492.49	1
161	281.73	493.28	1
162	281.73	493.28	1
163	281.73	493.28	1
164	280.94	493.28	1
165	280.94	493.28	1
166	280.94	493.28	1
167	280.94	493.28	1
168	279.36	494.86	1
169	278.57	495.65	1
170	278.57	496.44	1
171	278.57	496.44	1
172	278.57	496.44	1
173	278.57	496.44	1
174	278.57	496.44	1
175	278.57	496.44	1
176	278.57	496.44	1
177	278.57	497.23	1
178	278.57	497.23	1
179	276.99	497.23	1
180	276.99	497.23	1
181	276.99	497.23	1
182	276.99	497.23	1
183	276.99	497.23	1
184	276.2	496.44	1
185	276.2	496.44	1
186	276.2	496.44	1
187	276.2	496.44	1
188	276.2	496.44	1
189	276.2	496.44	1
190	276.2	496.44	1
191	276.2	496.44	1
192	275.41	497.23	1
193	274.62	497.23	1
194	274.62	498.02	1
195	273.83	498.02	1
196	273.04	499.6	1
197	272.25	499.6	1
198	272.25	499.6	1
199	272.25	499.6	1
200	272.25	499.6	1
201	272.25	499.6	1
202	272.25	499.6	1
203	272.25	499.6	1
204	272.25	499.6	1
205	272.25	499.6	1
206	272.25	500.39	1
207	272.25	500.39	1
208	272.25	500.39	1
209	265.92	505.13	1
210	269.08	501.97	1
211	269.08	501.97	1
212	269.08	502.76	1
213	269.08	503.55	1
214	267.5	503.55	1
215	267.5	503.55	1
216	267.5	503.55	1
217	267.5	503.55	1
218	268.29	501.97	1
219	268.29	501.97	1
220	267.5	501.97	1
221	267.5	501.97	1
222	266.71	502.76	1
223	265.13	503.55	1
224	264.34	503.55	1
225	264.34	503.55	1
226	264.34	504.34	1
227	263.55	504.34	1
228	263.55	504.34	1
229	263.55	504.34	1
230	263.55	504.34	1
231	261.97	505.92	1
232	261.18	505.92	1
233	256.44	506.71	1
234	254.86	509.08	1
235	254.86	509.08	1
236	254.86	509.08	1
237	254.86	509.08	1
238	254.86	509.08	1
239	254.86	509.08	1
240	251.7	509.87	1
241	248.54	509.87	1
242	248.54	509.87	1
243	248.54	510.66	1
244	246.16	511.45	1
245	246.16	511.45	1
246	246.16	512.25	1
247	243.79	513.83	1
248	242.21	514.62	1
249	239.05	516.99	1
250	236.68	518.57	1
251	231.94	521.73	1
252	227.99	525.68	1
253	220.08	530.42	1
254	212.97	535.17	1
255	211.39	535.17	1
256	211.39	535.17	1
257	211.39	535.17	1
258	199.53	540.7	1
259	191.63	545.44	1
260	190.84	545.44	1
261	188.47	547.81	1
262	187.68	547.81	1
263	185.31	549.39	1
264	184.52	549.39	1
265	183.73	549.39	1
