2	449.28	370.77	1
3	454.02	372.36	1
4	451.65	372.36	1
5	444.54	368.4	1
6	446.12	367.61	1
7	442.17	367.61	1
8	437.43	365.24	1
9	437.43	362.87	1
10	436.64	368.4	1
11	435.06	363.66	1
12	432.68	368.4	1
13	435.06	362.87	1
14	435.06	362.87	1
15	432.68	362.87	1
16	431.89	370.77	1
17	431.89	372.36	1
18	430.31	372.36	1
19	432.68	377.89	1
20	436.64	379.47	1
21	430.31	374.73	1
22	429.52	373.15	1
23	429.52	374.73	1
24	427.94	374.73	1
25	427.94	372.36	1
26	427.94	372.36	1
27	427.94	370.77	1
28	427.94	370.77	1
29	427.15	370.77	1
30	427.15	370.77	1
31	427.15	370.77	1
32	429.52	363.66	1
33	429.52	363.66	1
34	429.52	365.24	1
35	427.94	367.61	1
36	427.94	369.98	1
37	427.94	369.98	1
38	427.94	369.98	1
39	431.89	374.73	1
40	432.68	375.52	1
41	434.27	377.1	1
42	429.52	374.73	1
43	427.94	373.15	1
44	427.94	374.73	1
45	429.52	374.73	1
46	432.68	374.73	1
47	432.68	374.73	1
48	432.68	374.73	1
49	434.27	375.52	1
50	434.27	377.1	1
51	430.31	374.73	1
52	430.31	374.73	1
53	431.89	375.52	1
54	432.68	375.52	1
55	432.68	375.52	1
56	432.68	375.52	1
57	430.31	375.52	1
58	431.89	377.1	1
59	432.68	377.89	1
60	432.68	375.52	1
61	432.68	374.73	1
62	434.27	374.73	1
63	434.27	374.73	1
64	434.27	374.73	1
65	434.27	374.73	1
66	434.27	374.73	1
67	434.27	374.73	1
68	434.27	374.73	1
69	434.27	374.73	1
70	434.27	374.73	1
71	434.27	374.73	1
72	437.43	372.36	1
73	439.01	372.36	1
74	439.01	372.36	1
75	439.01	372.36	1
76	439.01	372.36	1
77	439.01	372.36	1
78	439.8	372.36	1
79	443.75	370.77	1
80	444.54	370.77	1
81	444.54	372.36	1
82	444.54	372.36	1
83	444.54	373.15	1
84	444.54	373.15	1
85	446.12	374.73	1
86	446.91	374.73	1
87	446.91	374.73	1
88	446.91	374.73	1
89	446.91	374.73	1
90	448.49	374.73	1
91	450.86	373.15	1
92	455.6	373.15	1
93	461.14	373.15	1
94	465.88	373.15	1
95	472.99	373.15	1
96	479.31	373.15	1
97	484.06	372.36	1
98	489.59	369.98	1
99	491.96	366.03	1
100	496.7	365.24	1
101	500.65	365.24	1
102	505.4	362.87	1
103	508.56	362.87	1
104	512.51	362.87	1
105	518.04	362.87	1
106	520.41	361.29	1
107	513.3	367.61	1
108	513.3	367.61	1
109	514.88	366.03	1
110	518.04	362.87	1
111	517.25	365.24	1
112	512.51	365.24	1
113	514.88	365.24	1
114	515.67	365.24	1
115	513.3	365.24	1
116	513.3	365.24	1
117	513.3	365.24	1
118	513.3	366.03	1
119	513.3	366.03	1
120	513.3	366.03	1
121	513.3	366.03	1
122	513.3	366.03	1
123	513.3	365.24	1
124	515.67	363.66	1
125	510.93	363.66	1
126	510.93	363.66	1
127	510.93	363.66	1
128	512.51	363.66	1
129	512.51	363.66	1
130	513.3	362.87	1
131	513.3	362.87	1
132	513.3	362.87	1
133	513.3	366.03	1
134	513.3	365.24	1
135	513.3	365.24	1
136	513.3	365.24	1
137	513.3	365.24	1
138	513.3	363.66	1
139	513.3	363.66	1
140	513.3	363.66	1
141	513.3	363.66	1
142	513.3	365.24	1
143	515.67	365.24	1
144	517.25	365.24	1
145	517.25	365.24	1
146	517.25	365.24	1
147	515.67	365.24	1
148	515.67	366.03	1
149	514.88	367.61	1
150	514.88	368.4	1
151	517.25	367.61	1
152	517.25	366.03	1
153	517.25	366.03	1
154	517.25	365.24	1
155	517.25	365.24	1
156	514.88	365.24	1
157	514.88	365.24	1
158	514.88	365.24	1
159	514.88	365.24	1
160	517.25	362.87	1
161	517.25	362.87	1
162	517.25	362.87	1
163	518.04	362.87	1
164	518.04	362.87	1
165	518.04	362.87	1
166	518.04	362.87	1
167	518.04	362.87	1
168	518.04	362.87	1
169	518.04	362.87	1
170	518.04	362.87	1
171	518.04	362.87	1
172	518.04	362.87	1
173	518.04	362.87	1
174	518.04	362.87	1
175	518.04	362.87	1
176	518.04	362.87	1
177	519.62	362.87	1
178	520.41	362.87	1
179	520.41	362.87	1
180	520.41	362.87	1
181	520.41	362.87	1
182	520.41	362.87	1
183	520.41	362.87	1
184	522.78	362.87	1
185	525.15	362.87	1
186	525.15	362.87	1
187	525.15	361.29	1
188	525.15	361.29	1
189	527.53	361.29	1
190	527.53	361.29	1
191	527.53	362.87	1
192	527.53	362.87	1
193	527.53	362.87	1
194	527.53	362.87	1
195	529.9	362.87	1
196	529.9	362.87	1
197	533.06	361.29	1
198	533.85	361.29	1
199	536.22	360.5	1
200	537.01	360.5	1
201	537.8	360.5	1
202	544.12	358.13	1
203	544.12	358.13	1
204	544.12	358.13	1
205	544.91	360.5	1
206	548.86	360.5	1
207	549.65	360.5	1
208	549.65	360.5	1
209	551.24	360.5	1
210	554.4	360.5	1
211	558.35	361.29	1
212	560.72	361.29	1
213	562.3	361.29	1
214	566.25	361.29	1
215	573.36	358.92	1
216	581.27	358.13	1
217	586.8	358.13	1
218	597.87	356.55	1
219	597.87	356.55	1
220	597.87	356.55	1
221	604.98	358.13	1
222	604.98	358.13	1
223	613.67	358.13	1
224	613.67	358.13	1
225	631.85	360.5	1
226	632.64	360.5	1
227	632.64	362.87	1
228	640.54	365.24	1
229	645.29	365.24	1
230	650.82	365.24	1
231	653.98	367.61	1
232	658.72	367.61	1
233	662.67	367.61	1
234	665.83	366.03	1
235	670.58	365.24	1
236	671.37	365.24	1
237	677.69	365.24	1
238	683.22	365.24	1
239	686.38	365.24	1
240	687.96	363.66	1
241	691.92	363.66	1
242	694.29	362.87	1
243	696.66	362.87	1
244	702.19	362.87	1
245	702.19	362.87	1
246	706.14	361.29	1
247	718.79	360.5	1
248	721.95	360.5	1
249	723.53	360.5	1
250	727.48	360.5	1
251	731.43	360.5	1
252	733.8	360.5	1
253	738.55	361.29	1
254	748.82	367.61	1
255	748.82	367.61	1
256	751.19	369.98	1
257	751.98	369.98	1
