1	477.73	320.98	1
2	477.73	315.45	1
3	477.73	315.45	1
4	474.57	316.24	1
5	482.48	310.71	1
6	477.73	311.5	1
7	477.73	311.5	1
8	479.31	309.13	1
9	480.1	309.92	1
10	480.1	311.5	1
11	480.1	311.5	1
12	482.48	310.71	1
13	482.48	310.71	1
14	482.48	311.5	1
15	482.48	312.29	1
16	482.48	312.29	1
17	484.85	312.29	1
18	487.22	312.29	1
19	487.22	312.29	1
20	487.22	312.29	1
21	487.22	310.71	1
22	487.22	308.34	1
23	487.22	320.19	1
24	487.22	320.19	1
25	487.22	320.19	1
26	487.22	320.19	1
27	487.22	320.19	1
28	489.59	320.19	1
29	489.59	320.19	1
30	489.59	320.19	1
31	484.85	315.45	1
32	484.85	314.66	1
33	484.06	314.66	1
34	484.06	313.87	1
35	484.06	313.08	1
36	484.85	313.08	1
37	484.85	313.08	1
38	482.48	312.29	1
39	482.48	309.92	1
40	482.48	309.92	1
41	484.85	311.5	1
42	484.85	311.5	1
43	487.22	312.29	1
44	487.22	312.29	1
45	487.22	308.34	1
46	487.22	305.18	1
47	488.8	303.6	1
48	489.59	301.22	1
49	491.17	296.48	1
50	491.17	293.32	1
51	491.96	290.95	1
52	491.96	289.37	1
53	495.91	281.47	1
54	498.28	279.89	1
55	496.7	271.98	1
56	496.7	268.82	1
57	494.33	256.97	1
58	494.33	256.18	1
59	494.33	255.38	1
60	494.33	247.48	1
61	494.33	247.48	1
62	498.28	239.58	1
63	507.77	236.42	1
64	510.14	236.42	1
65	510.14	236.42	1
66	515.67	232.46	1
67	518.04	230.88	1
68	520.41	229.3	1
69	526.73	225.35	1
70	531.48	223.77	1
71	533.85	222.98	1
72	539.38	219.82	1
73	540.96	218.24	1
74	543.33	215.87	1
75	546.49	214.29	1
76	548.86	211.13	1
77	550.45	209.55	1
78	552.03	208.75	1
79	555.98	207.96	1
80	558.35	207.17	1
81	560.72	205.59	1
82	563.88	204.8	1
83	567.83	203.22	1
84	570.99	201.64	1
85	571.78	201.64	1
86	574.95	200.85	1
87	576.53	200.85	1
88	579.69	200.85	1
89	582.06	200.85	1
90	584.43	200.85	1
91	587.59	202.43	1
92	592.33	202.43	1
93	595.49	201.64	1
94	597.08	201.64	1
95	600.24	200.85	1
96	602.61	200.85	1
97	610.51	200.06	1
98	612.09	200.06	1
99	612.88	200.06	1
100	612.88	200.06	1
101	612.09	200.06	1
102	610.51	200.06	1
103	610.51	200.85	1
104	608.93	202.43	1
105	609.72	201.64	1
106	609.72	200.85	1
107	607.35	198.48	1
108	604.98	198.48	1
109	604.98	198.48	1
110	608.14	197.69	1
111	610.51	196.9	1
112	611.3	196.9	1
113	611.3	196.9	1
114	611.3	196.9	1
115	608.14	200.06	1
116	608.14	200.06	1
117	607.35	200.85	1
118	604.98	202.43	1
119	604.19	203.22	1
120	604.19	204.01	1
121	604.98	204.01	1
122	604.98	204.01	1
123	602.61	205.59	1
124	601.82	206.38	1
125	601.82	207.17	1
126	600.24	207.17	1
127	599.45	207.96	1
128	599.45	207.96	1
129	599.45	208.75	1
130	598.66	208.75	1
131	598.66	209.55	1
132	598.66	209.55	1
133	598.66	209.55	1
134	598.66	209.55	1
135	599.45	209.55	1
136	601.03	209.55	1
137	601.82	209.55	1
138	602.61	209.55	1
139	602.61	209.55	1
140	603.4	209.55	1
141	604.98	208.75	1
142	606.56	207.96	1
143	607.35	207.96	1
144	607.35	207.96	1
145	605.77	205.59	1
146	605.77	205.59	1
147	605.77	205.59	1
148	606.56	205.59	1
149	608.14	204.01	1
150	608.14	204.01	1
151	608.14	204.01	1
152	609.72	204.01	1
153	611.3	204.01	1
154	612.09	204.01	1
155	614.46	204.01	1
156	618.41	204.01	1
157	618.41	204.01	1
158	619.2	204.01	1
159	619.2	204.01	1
160	620.79	204.01	1
161	620.79	204.01	1
162	621.58	204.01	1
163	621.58	204.01	1
164	627.11	204.01	1
165	627.11	203.22	1
166	627.9	201.64	1
167	631.85	200.85	1
168	631.85	200.85	1
169	631.85	200.85	1
170	632.64	200.85	1
171	634.22	200.06	1
172	637.38	200.06	1
173	640.54	198.48	1
174	641.33	197.69	1
175	642.12	197.69	1
176	643.71	196.11	1
177	645.29	196.11	1
178	646.08	195.32	1
179	649.24	194.53	1
180	650.03	194.53	1
181	650.03	195.32	1
182	650.82	196.9	1
183	653.19	196.9	1
184	653.98	196.9	1
185	653.98	196.9	1
186	653.98	196.9	1
187	657.14	196.11	1
188	657.14	196.11	1
189	657.14	196.11	1
190	657.14	196.11	1
191	653.98	201.64	1
192	653.19	204.01	1
193	652.4	204.01	1
194	652.4	204.8	1
195	652.4	206.38	1
196	652.4	206.38	1
197	652.4	206.38	1
198	652.4	206.38	1
199	652.4	206.38	1
200	652.4	206.38	1
201	652.4	206.38	1
202	652.4	206.38	1
203	652.4	206.38	1
204	652.4	206.38	1
205	652.4	206.38	1
206	652.4	206.38	1
207	652.4	206.38	1
208	652.4	206.38	1
209	652.4	205.59	1
210	656.35	205.59	1
211	657.14	205.59	1
212	657.14	205.59	1
213	655.56	206.38	1
214	654.77	207.17	1
215	654.77	207.96	1
216	654.77	207.96	1
217	654.77	207.96	1
218	653.98	208.75	1
219	652.4	209.55	1
220	651.61	209.55	1
221	650.82	210.34	1
222	650.03	211.13	1
223	650.03	211.13	1
224	650.03	211.13	1
225	650.03	211.13	1
226	650.03	211.13	1
227	650.03	211.13	1
228	650.03	211.13	1
229	650.82	211.13	1
230	650.82	211.13	1
231	650.82	211.13	1
232	650.82	211.13	1
233	650.82	211.13	1
234	650.82	211.13	1
235	650.82	211.13	1
236	650.82	211.13	1
237	650.82	211.13	1
238	650.82	211.13	1
239	650.82	211.13	1
240	650.82	210.34	1
241	651.61	210.34	1
242	653.19	210.34	1
243	653.98	210.34	1
244	653.98	210.34	1
245	653.98	210.34	1
246	653.98	209.55	1
247	653.19	209.55	1
248	653.19	211.13	1
249	653.19	212.71	1
250	653.19	212.71	1
251	651.61	211.92	1
252	651.61	211.92	1
253	651.61	211.92	1
254	651.61	211.92	1
255	651.61	211.13	1
256	651.61	211.13	1
257	651.61	211.13	1
258	653.19	211.13	1
259	653.98	211.13	1
260	653.98	211.13	1
261	653.98	211.13	1
262	653.98	211.13	1
263	653.19	211.13	1
264	653.19	211.13	1
265	653.19	211.13	1
266	653.19	211.13	1
267	653.19	211.13	1
268	653.19	211.13	1
269	653.19	211.13	1
270	653.19	211.13	1
271	653.19	211.13	1
272	653.19	211.13	1
273	653.19	211.13	1
274	652.4	210.34	1
275	652.4	210.34	1
276	652.4	210.34	1
277	652.4	210.34	1
278	652.4	210.34	1
279	652.4	210.34	1
280	652.4	210.34	1
281	652.4	210.34	1
282	652.4	210.34	1
283	656.35	214.29	1
284	656.35	214.29	1
285	656.35	214.29	1
286	657.14	214.29	1
287	657.14	215.08	1
288	657.14	215.08	1
289	657.14	215.08	1
290	657.14	215.08	1
291	657.14	215.08	1
292	657.14	215.08	1
293	657.14	215.08	1
294	657.14	215.08	1
295	657.14	215.08	1
296	657.14	215.08	1
297	657.14	215.08	1
298	657.14	215.08	1
299	657.14	215.08	1
