12	446.91	382.63	1
13	446.91	386.58	1
14	446.12	386.58	1
15	444.54	386.58	1
16	444.54	387.37	1
17	444.54	387.37	1
18	443.75	387.37	1
19	443.75	387.37	1
20	442.17	386.58	1
21	442.17	386.58	1
22	442.17	386.58	1
23	442.17	387.37	1
24	442.17	388.95	1
25	442.17	388.95	1
26	442.17	388.95	1
27	443.75	388.95	1
28	444.54	391.32	1
29	444.54	394.48	1
30	446.12	396.07	1
31	446.12	396.86	1
32	446.12	396.86	1
33	446.12	400.81	1
34	444.54	406.34	1
35	441.38	410.29	1
36	441.38	410.29	1
37	437.43	418.19	1
38	435.06	422.15	1
39	435.06	422.15	1
40	435.06	422.15	1
41	444.54	426.1	1
42	444.54	426.1	1
43	446.91	428.47	1
44	446.12	429.26	1
45	443.75	430.84	1
46	443.75	430.84	1
47	443.75	431.63	1
48	443.75	432.42	1
49	443.75	437.16	1
50	443.75	439.53	1
51	443.75	439.53	1
52	443.75	439.53	1
53	442.17	439.53	1
54	442.17	442.7	1
55	443.75	442.7	1
56	444.54	442.7	1
57	444.54	442.7	1
58	444.54	442.7	1
59	446.91	443.49	1
60	446.91	445.07	1
61	446.91	445.07	1
62	446.91	445.07	1
63	446.91	445.07	1
64	446.91	447.44	1
65	446.91	447.44	1
66	446.91	447.44	1
67	446.91	447.44	1
68	446.12	449.81	1
69	444.54	453.76	1
70	444.54	453.76	1
71	444.54	453.76	1
72	444.54	453.76	1
73	444.54	455.34	1
74	446.91	457.71	1
75	446.91	458.5	1
76	446.91	458.5	1
77	446.91	458.5	1
78	446.91	458.5	1
79	446.91	458.5	1
80	448.49	464.03	1
81	448.49	464.03	1
82	448.49	464.82	1
83	448.49	464.82	1
84	448.49	464.82	1
85	448.49	465.62	1
86	448.49	469.57	1
87	448.49	470.36	1
88	446.91	470.36	1
89	443.75	468.78	1
90	442.17	467.99	1
91	442.17	467.99	1
92	442.17	468.78	1
93	442.17	470.36	1
94	442.17	470.36	1
95	437.43	472.73	1
96	437.43	472.73	1
97	436.64	476.68	1
98	435.06	476.68	1
99	443.75	476.68	1
100	443.75	476.68	1
101	443.75	476.68	1
102	443.75	476.68	1
103	446.91	476.68	1
104	449.28	476.68	1
105	449.28	476.68	1
106	449.28	476.68	1
107	449.28	476.68	1
108	450.86	476.68	1
109	451.65	476.68	1
110	451.65	476.68	1
111	451.65	477.47	1
112	453.23	477.47	1
113	454.02	478.26	1
114	454.02	478.26	1
115	454.02	478.26	1
116	457.98	479.05	1
117	458.77	479.84	1
118	460.35	479.84	1
119	460.35	480.63	1
120	460.35	480.63	1
121	460.35	480.63	1
122	462.72	480.63	1
123	465.88	482.21	1
124	465.88	482.21	1
125	470.62	482.21	1
126	470.62	482.21	1
127	472.2	482.21	1
128	475.36	483.79	1
129	475.36	483.79	1
130	475.36	483.79	1
131	475.36	483.79	1
132	476.94	483	1
133	477.73	482.21	1
134	477.73	482.21	1
135	479.31	482.21	1
136	480.1	486.16	1
137	479.31	486.95	1
138	479.31	486.95	1
139	479.31	486.95	1
140	479.31	486.95	1
141	479.31	486.95	1
142	479.31	486.95	1
143	479.31	486.95	1
144	479.31	486.95	1
145	479.31	490.12	1
146	481.69	496.44	1
147	481.69	497.23	1
148	482.48	495.65	1
149	482.48	495.65	1
150	482.48	494.86	1
151	482.48	494.86	1
152	484.85	501.18	1
153	484.85	501.18	1
154	484.06	499.6	1
155	484.06	499.6	1
156	486.43	501.97	1
157	486.43	501.97	1
158	486.43	501.97	1
159	486.43	501.97	1
160	487.22	501.97	1
161	487.22	501.97	1
162	489.59	503.55	1
163	489.59	504.34	1
164	489.59	504.34	1
165	491.96	505.13	1
166	491.96	505.13	1
167	491.96	505.13	1
168	491.96	505.13	1
169	491.96	505.13	1
170	493.54	509.08	1
171	489.59	512.25	1
172	488.8	513.04	1
173	488.8	513.04	1
174	487.22	516.2	1
175	487.22	516.99	1
176	487.22	516.99	1
177	487.22	516.99	1
178	486.43	516.99	1
179	486.43	517.78	1
180	484.85	521.73	1
181	484.85	521.73	1
182	484.85	523.31	1
183	482.48	526.47	1
184	481.69	526.47	1
185	481.69	526.47	1
186	481.69	526.47	1
187	479.31	530.42	1
188	479.31	530.42	1
189	479.31	530.42	1
190	479.31	530.42	1
191	477.73	532.79	1
192	477.73	532.79	1
193	475.36	535.17	1
194	475.36	535.96	1
195	475.36	535.96	1
196	475.36	535.96	1
197	484.85	538.33	1
198	486.43	537.54	1
199	486.43	537.54	1
200	487.22	537.54	1
201	487.22	537.54	1
202	487.22	537.54	1
203	489.59	537.54	1
204	491.96	535.17	1
205	491.96	535.17	1
206	491.96	537.54	1
207	491.96	539.91	1
208	480.1	542.28	1
209	480.1	542.28	1
210	479.31	540.7	1
211	477.73	539.91	1
212	477.73	538.33	1
213	476.94	538.33	1
214	476.94	538.33	1
215	475.36	538.33	1
216	475.36	538.33	1
217	475.36	538.33	1
218	475.36	538.33	1
219	475.36	539.91	1
220	475.36	539.91	1
221	475.36	539.91	1
222	475.36	540.7	1
223	472.99	544.65	1
224	472.2	544.65	1
225	470.62	543.07	1
226	469.83	542.28	1
227	468.25	539.91	1
228	468.25	539.91	1
229	462.72	535.17	1
230	462.72	535.17	1
231	462.72	535.17	1
232	462.72	535.17	1
233	462.72	535.17	1
234	461.14	535.17	1
235	458.77	535.17	1
236	458.77	535.17	1
237	454.02	535.17	1
238	454.02	535.17	1
239	454.02	535.17	1
240	451.65	535.17	1
241	449.28	533.58	1
242	449.28	533.58	1
243	449.28	533.58	1
244	449.28	533.58	1
245	442.17	532.79	1
246	442.17	531.21	1
247	442.17	531.21	1
248	442.17	531.21	1
249	442.17	531.21	1
250	437.43	530.42	1
251	437.43	530.42	1
252	437.43	530.42	1
253	444.54	524.1	1
254	444.54	523.31	1
255	444.54	523.31	1
256	444.54	523.31	1
257	444.54	523.31	1
258	444.54	520.94	1
259	444.54	516.2	1
260	444.54	515.41	1
261	446.91	512.25	1
262	446.91	511.45	1
263	446.91	508.29	1
264	446.91	504.34	1
265	446.91	502.76	1
266	448.49	502.76	1
267	444.54	500.39	1
268	444.54	500.39	1
269	444.54	499.6	1
270	439.01	497.23	1
271	439.01	497.23	1
272	437.43	497.23	1
273	437.43	497.23	1
274	437.43	496.44	1
275	435.06	492.49	1
276	435.06	492.49	1
277	435.06	492.49	1
278	434.27	492.49	1
279	431.89	491.7	1
280	431.89	490.91	1
281	431.89	490.91	1
282	430.31	490.12	1
283	429.52	490.12	1
284	429.52	489.33	1
285	427.94	489.33	1
286	427.15	488.54	1
287	423.2	487.74	1
288	423.2	487.74	1
289	423.2	487.74	1
290	420.83	486.95	1
291	420.83	486.95	1
292	420.83	486.95	1
293	418.46	486.95	1
294	415.3	486.95	1
295	415.3	486.95	1
296	413.72	486.95	1
297	411.35	486.16	1
298	408.97	484.58	1
299	394.75	480.63	1
