1	477.73	393.69	1
2	484.06	396.07	1
3	489.59	396.07	1
4	489.59	398.44	1
5	491.96	396.86	1
6	501.44	405.55	1
7	501.44	405.55	1
8	499.07	403.18	1
9	499.07	405.55	1
10	499.07	405.55	1
11	499.07	405.55	1
12	499.07	405.55	1
13	499.07	405.55	1
14	499.07	405.55	1
15	499.07	405.55	1
16	499.07	405.55	1
17	500.65	405.55	1
18	501.44	405.55	1
19	501.44	406.34	1
20	503.82	407.92	1
21	503.82	407.92	1
22	505.4	405.55	1
23	505.4	405.55	1
24	506.19	405.55	1
25	507.77	406.34	1
26	510.14	407.92	1
27	510.93	407.92	1
28	510.93	405.55	1
29	510.93	405.55	1
30	510.93	405.55	1
31	510.93	405.55	1
32	510.93	405.55	1
33	510.93	405.55	1
34	510.93	406.34	1
35	510.93	406.34	1
36	510.93	406.34	1
37	510.93	406.34	1
38	510.93	406.34	1
39	510.93	406.34	1
40	510.93	406.34	1
41	510.93	406.34	1
42	510.93	406.34	1
43	510.93	407.92	1
44	510.93	407.92	1
45	510.93	407.92	1
46	510.93	407.92	1
47	510.93	407.92	1
48	510.93	407.92	1
49	510.93	407.92	1
50	510.93	407.92	1
51	512.51	408.71	1
52	512.51	408.71	1
53	512.51	408.71	1
54	512.51	408.71	1
55	513.3	410.29	1
56	513.3	410.29	1
57	513.3	410.29	1
58	513.3	410.29	1
59	514.88	410.29	1
60	515.67	410.29	1
61	517.25	410.29	1
62	517.25	410.29	1
63	517.25	410.29	1
64	517.25	410.29	1
65	517.25	410.29	1
66	519.62	410.29	1
67	520.41	410.29	1
68	520.41	410.29	1
69	520.41	411.08	1
70	520.41	411.08	1
71	520.41	412.66	1
72	520.41	413.45	1
73	518.04	413.45	1
74	518.04	413.45	1
75	519.62	413.45	1
76	519.62	413.45	1
77	519.62	413.45	1
78	519.62	413.45	1
79	519.62	413.45	1
80	520.41	413.45	1
81	520.41	413.45	1
82	520.41	413.45	1
83	520.41	413.45	1
84	520.41	413.45	1
85	520.41	413.45	1
86	520.41	413.45	1
87	520.41	413.45	1
88	520.41	413.45	1
89	520.41	415.03	1
90	520.41	415.03	1
91	520.41	415.03	1
92	520.41	415.03	1
93	520.41	415.03	1
94	520.41	415.03	1
95	520.41	415.03	1
96	520.41	415.03	1
97	520.41	415.03	1
98	520.41	415.03	1
99	520.41	415.03	1
100	520.41	415.03	1
101	520.41	415.82	1
102	520.41	415.82	1
103	520.41	415.82	1
104	520.41	415.82	1
105	520.41	415.82	1
106	521.99	417.4	1
107	522.78	418.99	1
108	522.78	418.99	1
109	522.78	418.99	1
110	525.15	418.99	1
111	525.15	418.99	1
112	525.15	418.99	1
113	525.15	418.99	1
114	525.15	418.99	1
115	525.15	418.99	1
116	525.15	418.99	1
117	525.15	418.99	1
118	525.15	418.99	1
119	525.15	418.99	1
120	525.15	418.99	1
121	525.15	418.99	1
122	525.15	418.99	1
123	525.15	418.99	1
124	525.15	418.99	1
125	525.15	418.99	1
126	525.15	418.99	1
127	525.15	418.99	1
128	525.15	418.99	1
129	525.15	418.99	1
130	525.15	418.99	1
131	525.15	418.99	1
132	525.15	418.99	1
133	525.15	418.99	1
134	525.15	418.99	1
135	525.15	418.99	1
136	525.15	418.99	1
137	525.15	418.99	1
138	525.15	418.99	1
139	525.15	418.99	1
140	525.15	418.99	1
141	525.15	418.99	1
142	525.15	418.99	1
143	525.15	418.99	1
144	525.15	418.99	1
145	525.15	418.99	1
146	525.15	418.99	1
147	525.15	418.99	1
148	525.15	418.99	1
149	525.15	418.99	1
150	525.15	418.99	1
151	525.15	418.99	1
152	525.15	418.99	1
153	525.15	418.99	1
154	525.15	418.99	1
155	525.15	418.99	1
156	525.15	418.99	1
157	525.15	418.99	1
158	527.53	418.99	1
159	527.53	419.78	1
160	529.9	421.36	1
161	531.48	422.94	1
162	534.64	426.89	1
163	535.43	427.68	1
164	537.01	426.89	1
165	537.01	426.89	1
166	539.38	426.89	1
167	539.38	426.89	1
168	537.8	427.68	1
169	537.8	427.68	1
170	537.8	428.47	1
171	537.8	428.47	1
172	537.8	428.47	1
173	537.8	428.47	1
174	537.8	428.47	1
175	537.8	428.47	1
176	537.8	428.47	1
177	537.8	428.47	1
178	541.75	430.84	1
179	541.75	432.42	1
180	541.75	434	1
181	541.75	437.16	1
182	539.38	438.74	1
183	539.38	438.74	1
184	539.38	441.11	1
185	539.38	441.91	1
186	539.38	443.49	1
187	540.17	445.86	1
188	540.96	446.65	1
189	540.96	447.44	1
190	543.33	449.81	1
191	543.33	449.81	1
192	543.33	449.81	1
193	544.91	452.18	1
194	544.91	452.97	1
195	545.7	452.97	1
196	547.28	452.97	1
197	547.28	452.97	1
198	547.28	452.97	1
199	547.28	452.97	1
200	547.28	452.97	1
201	547.28	452.97	1
202	547.28	452.97	1
203	547.28	452.97	1
204	547.28	452.97	1
205	547.28	452.97	1
206	547.28	452.97	1
207	547.28	452.97	1
208	547.28	452.97	1
209	547.28	452.97	1
210	547.28	452.97	1
211	549.65	455.34	1
212	549.65	455.34	1
213	549.65	455.34	1
214	550.45	456.13	1
215	551.24	457.71	1
216	552.03	457.71	1
217	552.03	457.71	1
218	552.03	457.71	1
219	552.03	457.71	1
220	552.03	457.71	1
221	552.03	457.71	1
222	552.03	457.71	1
223	552.03	457.71	1
224	552.03	457.71	1
225	552.03	457.71	1
226	552.03	457.71	1
227	552.03	457.71	1
228	552.03	457.71	1
229	552.03	457.71	1
230	552.03	457.71	1
231	552.03	457.71	1
232	552.03	457.71	1
233	552.03	457.71	1
234	552.03	457.71	1
235	552.03	457.71	1
236	552.03	457.71	1
237	552.03	457.71	1
238	552.03	457.71	1
239	552.03	457.71	1
240	552.03	457.71	1
241	552.03	458.5	1
242	552.82	459.29	1
243	553.61	459.29	1
244	553.61	459.29	1
245	553.61	459.29	1
246	553.61	459.29	1
247	553.61	459.29	1
248	555.19	460.08	1
249	555.19	460.08	1
250	555.19	460.08	1
251	556.77	460.08	1
252	556.77	460.08	1
253	556.77	460.08	1
254	556.77	460.08	1
255	556.77	460.08	1
256	556.77	460.08	1
257	556.77	460.08	1
258	556.77	460.08	1
259	556.77	460.08	1
260	556.77	460.08	1
261	556.77	460.08	1
262	556.77	460.08	1
263	555.98	460.08	1
264	555.98	462.45	1
265	555.19	462.45	1
266	555.19	463.24	1
267	555.19	463.24	1
268	555.19	464.03	1
269	555.19	464.03	1
270	555.19	464.03	1
271	555.19	464.03	1
272	555.19	464.03	1
273	555.19	464.82	1
274	555.19	465.62	1
275	555.19	465.62	1
276	555.19	465.62	1
277	555.19	465.62	1
278	555.19	465.62	1
279	555.19	465.62	1
280	555.19	466.41	1
281	555.19	466.41	1
282	555.19	466.41	1
283	555.19	466.41	1
284	555.19	466.41	1
285	555.19	466.41	1
286	555.19	466.41	1
287	555.19	467.2	1
288	555.19	467.2	1
289	555.19	467.2	1
290	555.19	467.2	1
291	555.19	467.2	1
292	555.19	467.2	1
293	555.19	467.2	1
294	555.19	467.2	1
295	555.19	467.2	1
296	556.77	467.2	1
297	556.77	467.99	1
298	556.77	468.78	1
299	559.14	473.52	1
