20	439.8	365.24	1
21	439.8	365.24	1
22	439.8	365.24	1
23	439.01	365.24	1
24	439.01	365.24	1
25	437.43	365.24	1
26	437.43	365.24	1
27	442.17	365.24	1
28	442.17	365.24	1
29	441.38	365.24	1
30	441.38	365.24	1
31	441.38	365.24	1
32	437.43	367.61	1
33	437.43	367.61	1
34	436.64	367.61	1
35	436.64	367.61	1
36	436.64	367.61	1
37	434.27	368.4	1
38	434.27	368.4	1
39	434.27	372.36	1
40	434.27	373.15	1
41	434.27	374.73	1
42	435.06	374.73	1
43	436.64	374.73	1
44	437.43	377.1	1
45	437.43	377.89	1
46	437.43	377.89	1
47	439.8	381.84	1
48	442.17	381.84	1
49	442.17	381.84	1
50	444.54	381.84	1
51	444.54	381.84	1
52	444.54	381.84	1
53	444.54	380.26	1
54	446.12	379.47	1
55	446.91	379.47	1
56	446.91	379.47	1
57	449.28	379.47	1
58	453.23	379.47	1
59	458.77	379.47	1
60	468.25	379.47	1
61	470.62	379.47	1
62	472.99	385	1
63	472.99	386.58	1
64	477.73	386.58	1
65	480.1	386.58	1
66	480.1	388.95	1
67	482.48	393.69	1
68	484.06	393.69	1
69	484.06	396.07	1
70	484.06	396.07	1
71	484.85	393.69	1
72	484.85	392.11	1
73	484.85	392.11	1
74	484.85	392.11	1
75	486.43	392.11	1
76	486.43	392.11	1
77	486.43	392.11	1
78	484.85	393.69	1
79	484.85	394.48	1
80	482.48	396.07	1
81	481.69	396.07	1
82	480.1	396.07	1
83	480.1	396.07	1
84	480.1	396.07	1
85	480.1	396.07	1
86	480.1	396.07	1
87	480.1	396.07	1
88	480.1	396.07	1
89	480.1	396.07	1
90	481.69	396.07	1
91	480.1	394.48	1
92	480.1	394.48	1
93	480.1	394.48	1
94	480.1	396.07	1
95	480.1	396.07	1
96	480.1	396.07	1
97	481.69	394.48	1
98	484.06	392.11	1
99	484.85	388.95	1
100	484.85	387.37	1
101	484.85	386.58	1
102	484.85	386.58	1
103	484.85	386.58	1
104	484.85	385	1
105	487.22	377.1	1
106	488.8	377.1	1
107	488.8	377.1	1
108	488.8	375.52	1
109	488.8	374.73	1
110	487.22	374.73	1
111	484.85	374.73	1
112	482.48	374.73	1
113	477.73	374.73	1
114	477.73	374.73	1
115	477.73	374.73	1
116	477.73	374.73	1
117	472.99	377.1	1
118	472.99	379.47	1
119	472.99	379.47	1
120	472.99	381.84	1
121	470.62	382.63	1
122	465.09	382.63	1
123	463.51	382.63	1
124	463.51	382.63	1
125	460.35	382.63	1
126	458.77	382.63	1
127	450.86	382.63	1
128	449.28	381.84	1
129	446.12	384.21	1
130	442.17	385	1
131	434.27	386.58	1
132	432.68	386.58	1
133	425.57	381.84	1
134	429.52	384.21	1
135	430.31	385	1
136	431.89	386.58	1
137	432.68	386.58	1
138	432.68	387.37	1
139	435.06	391.32	1
140	436.64	392.11	1
141	439.8	394.48	1
142	442.17	396.86	1
143	442.17	398.44	1
144	442.17	400.81	1
145	442.17	403.97	1
146	442.17	405.55	1
147	439.8	405.55	1
148	439.8	406.34	1
149	439.8	407.92	1
150	437.43	410.29	1
151	436.64	412.66	1
152	435.06	412.66	1
153	436.64	412.66	1
154	437.43	412.66	1
155	439.01	412.66	1
156	439.01	412.66	1
157	439.8	412.66	1
158	439.8	413.45	1
159	443.75	417.4	1
160	444.54	417.4	1
161	444.54	417.4	1
162	444.54	415.82	1
163	446.91	415.03	1
164	448.49	415.03	1
165	448.49	415.03	1
166	449.28	413.45	1
167	450.86	413.45	1
168	450.86	413.45	1
169	450.86	413.45	1
170	451.65	413.45	1
171	453.23	413.45	1
172	454.02	413.45	1
173	455.6	413.45	1
174	455.6	413.45	1
175	455.6	413.45	1
176	455.6	412.66	1
177	455.6	411.08	1
178	455.6	411.08	1
179	455.6	410.29	1
180	455.6	405.55	1
181	455.6	405.55	1
182	456.39	403.18	1
183	458.77	399.23	1
184	462.72	396.07	1
185	463.51	396.07	1
186	470.62	396.07	1
187	472.99	396.86	1
188	475.36	398.44	1
189	479.31	400.81	1
190	480.1	401.6	1
191	480.1	403.18	1
192	480.1	403.97	1
193	480.1	403.97	1
194	480.1	403.18	1
195	480.1	403.18	1
196	480.1	401.6	1
197	480.1	401.6	1
198	481.69	401.6	1
199	481.69	401.6	1
200	481.69	401.6	1
201	481.69	401.6	1
202	481.69	401.6	1
203	482.48	401.6	1
204	482.48	401.6	1
205	482.48	399.23	1
206	482.48	398.44	1
207	484.85	398.44	1
208	484.85	398.44	1
209	484.06	396.86	1
210	481.69	391.32	1
211	481.69	391.32	1
212	481.69	389.74	1
213	481.69	386.58	1
214	487.22	374.73	1
215	488.8	381.84	1
216	488.8	380.26	1
217	491.17	380.26	1
218	493.54	384.21	1
219	494.33	384.21	1
220	494.33	384.21	1
221	494.33	384.21	1
222	494.33	382.63	1
223	495.91	381.84	1
224	496.7	381.84	1
225	496.7	381.84	1
226	496.7	381.84	1
227	496.7	381.84	1
228	496.7	381.84	1
229	496.7	379.47	1
230	494.33	377.89	1
231	494.33	377.89	1
232	494.33	377.1	1
233	494.33	377.1	1
234	498.28	372.36	1
235	498.28	372.36	1
236	493.54	372.36	1
237	493.54	372.36	1
238	493.54	372.36	1
239	491.96	372.36	1
240	489.59	370.77	1
241	487.22	370.77	1
242	486.43	370.77	1
243	484.85	370.77	1
244	484.85	370.77	1
245	482.48	370.77	1
246	480.1	370.77	1
247	479.31	369.98	1
248	479.31	367.61	1
249	477.73	367.61	1
250	475.36	367.61	1
251	475.36	367.61	1
252	475.36	367.61	1
253	474.57	367.61	1
254	474.57	365.24	1
255	474.57	365.24	1
256	472.99	365.24	1
257	472.99	365.24	1
258	470.62	365.24	1
259	469.83	366.03	1
260	467.46	367.61	1
261	465.88	367.61	1
262	465.88	367.61	1
263	461.14	369.98	1
264	457.98	369.98	1
265	450.86	369.98	1
266	448.49	369.98	1
267	446.91	369.98	1
268	439.8	369.98	1
269	435.06	369.98	1
270	429.52	367.61	1
271	425.57	365.24	1
272	423.2	365.24	1
273	416.09	362.87	1
274	413.72	362.87	1
275	408.97	362.87	1
276	399.49	360.5	1
277	392.38	358.92	1
278	390.01	358.92	1
279	386.84	358.92	1
280	382.1	358.92	1
281	378.15	358.92	1
282	378.15	358.92	1
283	378.15	360.5	1
284	378.15	363.66	1
285	374.99	366.03	1
286	371.04	367.61	1
287	363.92	373.15	1
288	361.55	374.73	1
289	352.07	379.47	1
290	347.33	381.84	1
291	346.54	381.84	1
292	344.17	387.37	1
293	340.21	393.69	1
294	339.42	394.48	1
295	335.47	399.23	1
296	332.31	401.6	1
297	328.36	403.18	1
298	325.99	410.29	1
299	307.81	417.4	1
