1	432.68	347.06	1
2	432.68	347.06	1
3	432.68	347.06	1
4	427.94	347.06	1
5	427.15	347.06	1
6	427.15	347.06	1
7	427.94	346.27	1
8	427.94	346.27	1
9	427.94	346.27	1
10	427.94	346.27	1
11	425.57	346.27	1
12	425.57	346.27	1
13	425.57	346.27	1
14	425.57	346.27	1
15	425.57	346.27	1
16	425.57	346.27	1
17	423.2	346.27	1
18	422.41	346.27	1
19	422.41	346.27	1
20	422.41	346.27	1
21	422.41	346.27	1
22	422.41	346.27	1
23	422.41	346.27	1
24	422.41	346.27	1
25	422.41	346.27	1
26	422.41	346.27	1
27	422.41	346.27	1
28	422.41	346.27	1
29	422.41	346.27	1
30	422.41	346.27	1
31	422.41	346.27	1
32	422.41	346.27	1
33	422.41	346.27	1
34	422.41	346.27	1
35	422.41	346.27	1
36	422.41	346.27	1
37	422.41	346.27	1
38	422.41	346.27	1
39	422.41	346.27	1
40	422.41	346.27	1
41	422.41	346.27	1
42	422.41	346.27	1
43	422.41	346.27	1
44	422.41	346.27	1
45	422.41	346.27	1
46	422.41	346.27	1
47	422.41	346.27	1
48	422.41	346.27	1
49	422.41	346.27	1
50	422.41	346.27	1
51	422.41	346.27	1
52	422.41	346.27	1
53	422.41	346.27	1
54	422.41	346.27	1
55	422.41	346.27	1
56	422.41	346.27	1
57	422.41	346.27	1
58	422.41	346.27	1
59	422.41	346.27	1
60	422.41	346.27	1
61	422.41	346.27	1
62	422.41	346.27	1
63	422.41	346.27	1
64	422.41	346.27	1
65	422.41	346.27	1
66	422.41	343.9	1
67	420.83	343.9	1
68	420.83	343.9	1
69	420.83	343.9	1
70	420.83	343.9	1
71	420.83	343.9	1
72	420.83	343.9	1
73	420.83	343.9	1
74	420.83	343.9	1
75	420.83	343.9	1
76	420.83	343.9	1
77	420.83	343.9	1
78	420.83	343.9	1
79	425.57	339.95	1
80	425.57	339.95	1
81	425.57	339.95	1
82	425.57	339.95	1
83	425.57	339.95	1
84	425.57	339.95	1
85	425.57	339.95	1
86	425.57	339.95	1
87	425.57	339.95	1
88	425.57	339.95	1
89	425.57	339.95	1
90	425.57	339.95	1
91	425.57	339.95	1
92	425.57	339.95	1
93	425.57	339.95	1
94	425.57	339.95	1
95	425.57	339.95	1
96	425.57	339.95	1
97	425.57	339.95	1
98	425.57	339.95	1
99	425.57	339.95	1
100	425.57	339.95	1
101	425.57	339.95	1
102	425.57	339.95	1
103	427.94	332.84	1
104	427.94	332.84	1
105	425.57	332.84	1
106	425.57	332.84	1
107	424.78	332.84	1
108	424.78	332.84	1
109	424.78	332.84	1
110	424.78	332.84	1
111	424.78	332.84	1
112	424.78	332.84	1
113	423.2	330.47	1
114	423.2	330.47	1
115	423.2	330.47	1
116	422.41	330.47	1
117	422.41	330.47	1
118	422.41	330.47	1
119	422.41	330.47	1
120	422.41	330.47	1
121	422.41	330.47	1
122	422.41	330.47	1
123	423.2	329.68	1
124	423.2	329.68	1
125	423.2	329.68	1
126	423.2	329.68	1
127	423.2	329.68	1
128	424.78	329.68	1
129	424.78	329.68	1
130	420.83	327.31	1
131	420.83	327.31	1
132	420.83	327.31	1
133	420.83	327.31	1
134	420.83	327.31	1
135	420.83	327.31	1
136	420.04	327.31	1
137	418.46	327.31	1
138	418.46	327.31	1
139	416.09	327.31	1
140	416.09	327.31	1
141	416.09	327.31	1
142	416.09	327.31	1
143	416.09	327.31	1
144	413.72	325.73	1
145	413.72	325.73	1
146	413.72	324.93	1
147	413.72	324.93	1
148	413.72	324.93	1
149	413.72	324.93	1
150	413.72	324.93	1
151	413.72	320.19	1
152	413.72	320.19	1
153	413.72	320.19	1
154	413.72	320.19	1
155	413.72	320.19	1
156	413.72	320.19	1
157	413.72	320.19	1
158	413.72	320.19	1
159	413.72	320.19	1
160	413.72	320.19	1
161	412.93	320.19	1
162	411.35	320.19	1
163	411.35	320.19	1
164	411.35	320.19	1
165	411.35	320.19	1
166	411.35	318.61	1
167	411.35	318.61	1
168	411.35	318.61	1
169	411.35	318.61	1
170	411.35	318.61	1
171	411.35	318.61	1
172	411.35	318.61	1
173	411.35	318.61	1
174	411.35	318.61	1
175	411.35	318.61	1
176	411.35	318.61	1
177	411.35	318.61	1
178	411.35	318.61	1
179	411.35	318.61	1
180	411.35	318.61	1
181	411.35	318.61	1
182	411.35	318.61	1
183	411.35	318.61	1
184	411.35	318.61	1
185	411.35	318.61	1
186	411.35	317.82	1
187	411.35	317.82	1
188	411.35	317.82	1
189	411.35	317.82	1
190	411.35	317.82	1
191	411.35	317.82	1
192	411.35	317.82	1
193	411.35	317.82	1
194	411.35	317.82	1
195	411.35	317.82	1
196	411.35	317.82	1
197	411.35	317.82	1
198	411.35	317.82	1
199	410.55	317.82	1
200	410.55	317.82	1
201	410.55	316.24	1
202	410.55	316.24	1
203	410.55	316.24	1
204	410.55	316.24	1
205	410.55	316.24	1
206	410.55	316.24	1
207	410.55	316.24	1
208	410.55	316.24	1
209	410.55	316.24	1
210	410.55	316.24	1
211	410.55	316.24	1
212	410.55	316.24	1
213	410.55	316.24	1
214	410.55	316.24	1
215	410.55	316.24	1
216	410.55	316.24	1
217	410.55	316.24	1
218	410.55	316.24	1
219	410.55	316.24	1
220	410.55	316.24	1
221	408.97	316.24	1
222	408.97	315.45	1
223	418.46	309.92	1
224	413.72	310.71	1
225	413.72	310.71	1
226	413.72	310.71	1
227	413.72	310.71	1
228	413.72	310.71	1
229	413.72	310.71	1
230	413.72	310.71	1
231	413.72	310.71	1
232	413.72	310.71	1
233	413.72	310.71	1
234	413.72	310.71	1
235	413.72	310.71	1
236	413.72	310.71	1
237	413.72	310.71	1
238	413.72	310.71	1
239	413.72	310.71	1
240	413.72	310.71	1
241	413.72	310.71	1
242	412.93	310.71	1
243	412.93	310.71	1
244	412.93	310.71	1
245	412.93	310.71	1
246	412.93	310.71	1
247	412.93	310.71	1
248	412.93	310.71	1
249	412.93	310.71	1
250	412.93	310.71	1
251	412.93	310.71	1
252	408.18	310.71	1
253	408.18	310.71	1
254	408.18	310.71	1
255	408.18	310.71	1
256	408.18	310.71	1
257	408.18	310.71	1
258	408.18	310.71	1
259	408.18	310.71	1
260	408.18	310.71	1
261	408.18	310.71	1
262	408.18	310.71	1
263	408.18	310.71	1
264	408.18	310.71	1
265	408.18	310.71	1
266	408.18	310.71	1
267	408.18	310.71	1
268	408.18	310.71	1
269	408.18	310.71	1
270	408.18	310.71	1
271	408.18	310.71	1
272	408.18	310.71	1
273	408.18	310.71	1
274	406.6	310.71	1
275	406.6	310.71	1
276	406.6	310.71	1
277	406.6	310.71	1
278	406.6	310.71	1
279	406.6	310.71	1
280	406.6	310.71	1
281	406.6	310.71	1
282	406.6	310.71	1
283	404.23	310.71	1
284	404.23	310.71	1
285	404.23	310.71	1
286	404.23	310.71	1
287	404.23	310.71	1
288	404.23	310.71	1
289	404.23	310.71	1
290	404.23	310.71	1
291	404.23	310.71	1
292	404.23	310.71	1
293	404.23	310.71	1
294	404.23	310.71	1
295	404.23	310.71	1
296	404.23	310.71	1
297	404.23	310.71	1
298	404.23	310.71	1
299	404.23	313.87	1
