44	484.48	401.45	1
45	487.31	401.92	1
46	490.13	400.04	1
47	490.13	400.04	1
48	493.43	399.1	1
49	495.31	400.04	1
50	492.96	397.21	1
51	487.31	393.45	1
52	491.08	391.56	1
53	491.08	392.03	1
54	495.78	392.03	1
55	495.31	394.86	1
56	498.14	394.86	1
57	497.2	393.45	1
58	496.73	393.45	1
59	495.78	390.62	1
60	498.14	390.62	1
61	501.43	389.21	1
62	501.43	390.15	1
63	502.85	390.15	1
64	500.49	386.38	1
65	506.14	384.5	1
66	506.14	384.5	1
67	505.67	383.56	1
68	505.67	380.73	1
69	507.08	376.5	1
70	506.14	373.67	1
71	506.14	369.43	1
72	509.91	369.43	1
73	511.79	368.02	1
74	511.32	366.14	1
75	513.21	365.19	1
76	513.21	363.78	1
77	515.09	359.54	1
78	519.8	356.72	1
79	518.39	356.72	1
80	517.44	353.89	1
81	517.44	352.01	1
82	524.04	349.18	1
83	521.68	346.36	1
84	523.09	346.36	1
85	527.33	343.53	1
86	527.33	344	1
87	531.57	341.18	1
88	528.75	337.88	1
89	529.69	336.47	1
90	533.45	335.06	1
91	532.51	332.23	1
92	532.51	330.82	1
93	538.63	330.82	1
94	537.22	330.82	1
95	542.87	329.41	1
96	540.05	330.82	1
97	542.4	326.58	1
98	543.81	325.64	1
99	548.05	323.76	1
100	549.46	324.23	1
101	549.46	323.76	1
102	550.88	323.76	1
103	554.17	322.82	1
104	556.53	322.82	1
105	556.53	323.76	1
106	559.35	319.99	1
107	563.59	319.99	1
108	560.76	322.34	1
109	563.59	318.58	1
110	570.65	319.52	1
111	567.83	319.52	1
112	572.07	319.99	1
113	573.48	318.11	1
114	573.48	320.93	1
115	574.89	320.93	1
116	574.89	319.99	1
117	579.13	318.58	1
118	581.95	318.11	1
119	582.9	318.58	1
120	584.31	319.52	1
121	587.6	317.16	1
122	590.43	315.28	1
123	589.02	317.16	1
124	591.37	318.11	1
125	593.26	318.58	1
126	594.2	318.58	1
127	598.44	318.11	1
128	596.08	319.52	1
129	598.44	320.93	1
130	601.26	322.34	1
131	601.73	321.4	1
132	605.5	322.82	1
133	605.5	322.34	1
134	610.21	321.4	1
135	611.62	320.93	1
136	611.62	322.82	1
137	616.8	323.76	1
138	618.21	320.93	1
139	618.68	321.4	1
140	621.04	319.99	1
141	621.51	322.34	1
142	624.33	321.4	1
143	625.75	322.34	1
144	625.75	323.76	1
145	628.57	324.23	1
146	630.93	325.17	1
147	629.51	325.17	1
148	635.63	325.17	1
149	633.75	324.23	1
150	639.87	325.64	1
151	642.7	322.34	1
152	642.7	320.93	1
153	646.46	320.93	1
154	649.76	323.76	1
155	642.7	325.17	1
156	652.11	325.17	1
157	649.29	322.82	1
158	651.17	327.05	1
159	658.24	329.88	1
160	659.65	327.05	1
161	661.06	329.41	1
162	662.47	330.82	1
163	659.65	332.23	1
164	668.12	333.65	1
165	671.89	336.47	1
166	673.78	338.35	1
167	676.6	339.3	1
168	679.43	342.12	1
169	680.37	342.12	1
170	683.19	343.53	1
171	685.08	344.95	1
172	686.49	344	1
173	685.08	346.36	1
174	689.31	347.77	1
175	689.31	351.07	1
176	690.73	351.07	1
177	693.55	351.07	1
178	693.55	353.89	1
179	695.91	353.89	1
180	697.79	354.83	1
181	699.2	357.66	1
182	700.62	359.07	1
183	703.44	360.49	1
184	704.85	362.37	1
185	704.85	362.37	1
186	706.27	363.31	1
187	707.68	364.72	1
188	710.5	368.02	1
189	710.5	370.37	1
190	710.5	370.84	1
191	714.27	372.26	1
192	714.74	372.26	1
193	714.74	377.44	1
194	714.74	377.44	1
195	719.92	381.67	1
196	719.92	384.97	1
197	722.75	385.91	1
198	721.8	388.74	1
199	720.39	391.56	1
200	721.33	393.45	1
201	721.8	394.39	1
202	723.22	396.27	1
203	720.39	397.68	1
204	723.22	399.1	1
205	723.22	401.45	1
206	724.63	404.28	1
207	726.04	407.1	1
208	726.98	410.4	1
209	726.98	412.28	1
210	720.39	415.11	1
211	721.33	416.05	1
212	721.33	418.87	1
213	719.92	421.23	1
214	717.57	423.11	1
215	716.15	424.05	1
216	714.74	426.41	1
217	712.86	428.76	1
218	712.86	429.23	1
219	712.86	431.59	1
220	710.5	433.47	1
221	711.92	433.47	1
222	712.86	437.24	1
223	713.33	440.06	1
224	712.86	444.3	1
225	716.15	446.18	1
226	716.15	446.18	1
227	714.74	447.6	1
228	716.15	449.01	1
229	717.57	449.95	1
230	717.57	449.95	1
231	717.57	455.6	1
232	717.57	456.07	1
233	717.57	459.37	1
234	718.98	462.67	1
235	719.92	463.14	1
236	718.98	466.9	1
237	718.98	468.32	1
238	718.98	471.61	1
239	718.98	473.97	1
240	718.98	474.44	1
241	724.63	478.68	1
242	724.63	478.68	1
243	722.75	481.5	1
244	718.98	485.74	1
245	720.39	490.45	1
246	720.39	490.45	1
247	720.39	490.45	1
248	716.15	492.8	1
249	714.74	493.74	1
250	713.33	497.98	1
251	714.27	501.28	1
252	714.27	501.28	1
253	712.86	504.1	1
254	712.86	505.04	1
255	711.92	508.81	1
256	710.5	512.58	1
257	709.09	515.4	1
258	710.03	519.64	1
259	709.09	521.53	1
260	710.03	522.47	1
261	707.68	524.35	1
262	707.68	525.76	1
263	704.38	530.47	1
264	703.44	531.88	1
265	703.44	536.59	1
266	704.85	536.59	1
267	703.44	538.01	1
268	701.56	541.77	1
269	697.79	544.6	1
270	697.79	544.6	1
271	694.49	547.42	1
272	694.96	547.89	1
273	697.32	551.66	1
274	694.49	554.49	1
275	694.49	554.96	1
276	692.14	557.31	1
277	689.31	558.72	1
278	687.9	561.55	1
279	685.08	564.37	1
280	683.66	567.2	1
281	682.25	568.61	1
282	682.25	568.61	1
283	676.6	571.91	1
284	676.6	571.91	1
285	678.01	574.26	1
286	678.01	575.68	1
287	676.13	577.09	1
288	672.36	579.91	1
289	672.36	579.91	1
290	670.95	583.21	1
291	670.95	584.15	1
292	667.65	588.86	1
293	667.65	588.86	1
294	667.65	588.86	1
295	666.24	591.21	1
296	662	594.51	1
297	659.65	595.92	1
298	657.77	596.39	1
299	656.35	601.57	1
