2	449.28	374.73	1
3	450.86	373.15	1
4	450.86	373.15	1
5	450.86	373.15	1
6	451.65	373.15	1
7	451.65	370.77	1
8	451.65	370.77	1
9	450.86	363.66	1
10	451.65	365.24	1
11	455.6	362.87	1
12	456.39	358.13	1
13	456.39	358.13	1
14	458.77	358.13	1
15	463.51	354.18	1
16	468.25	351.02	1
17	470.62	351.02	1
18	479.31	347.06	1
19	482.48	346.27	1
20	488.8	344.69	1
21	491.96	342.32	1
22	495.91	341.53	1
23	499.07	341.53	1
24	503.82	339.16	1
25	508.56	337.58	1
26	514.88	341.53	1
27	518.04	342.32	1
28	521.99	342.32	1
29	529.11	342.32	1
30	534.64	339.16	1
31	539.38	341.53	1
32	543.33	343.9	1
33	549.65	346.27	1
34	551.24	348.64	1
35	557.56	349.44	1
36	561.51	349.44	1
37	561.51	349.44	1
38	567.83	349.44	1
39	569.41	349.44	1
40	571.78	349.44	1
41	570.99	346.27	1
42	572.57	344.69	1
43	572.57	343.9	1
44	572.57	343.9	1
45	574.16	347.06	1
46	575.74	348.64	1
47	574.95	351.02	1
48	573.36	351.81	1
49	573.36	351.81	1
50	570.2	355.76	1
51	572.57	351.02	1
52	571.78	339.95	1
53	573.36	341.53	1
54	579.69	341.53	1
55	574.16	341.53	1
56	577.32	341.53	1
57	573.36	339.95	1
58	573.36	336.79	1
59	574.95	336.79	1
60	577.32	336.79	1
61	578.11	336.79	1
62	574.16	335.21	1
63	576.53	334.42	1
64	576.53	334.42	1
65	576.53	334.42	1
66	577.32	334.42	1
67	577.32	334.42	1
68	578.11	332.84	1
69	578.11	332.84	1
70	578.11	332.84	1
71	578.9	332.84	1
72	578.9	332.84	1
73	577.32	329.68	1
74	577.32	329.68	1
75	577.32	329.68	1
76	577.32	329.68	1
77	578.9	329.68	1
78	578.9	329.68	1
79	578.9	329.68	1
80	578.9	329.68	1
81	578.9	329.68	1
82	579.69	329.68	1
83	583.64	329.68	1
84	580.48	327.31	1
85	580.48	327.31	1
86	580.48	324.93	1
87	583.64	324.93	1
88	581.27	325.73	1
89	582.06	327.31	1
90	582.06	327.31	1
91	582.06	327.31	1
92	582.06	327.31	1
93	581.27	327.31	1
94	580.48	327.31	1
95	581.27	327.31	1
96	582.06	328.1	1
97	582.06	328.1	1
98	582.06	328.1	1
99	582.06	328.1	1
100	584.43	327.31	1
101	584.43	327.31	1
102	584.43	327.31	1
103	584.43	327.31	1
104	585.22	327.31	1
105	586.01	324.93	1
106	586.8	324.93	1
107	586.8	324.93	1
108	587.59	324.93	1
109	590.75	324.93	1
110	590.75	324.93	1
111	593.12	324.93	1
112	593.91	325.73	1
113	591.54	327.31	1
114	591.54	327.31	1
115	591.54	327.31	1
116	591.54	327.31	1
117	591.54	327.31	1
118	588.38	324.93	1
119	588.38	324.93	1
120	588.38	323.35	1
121	588.38	322.56	1
122	588.38	322.56	1
123	589.96	322.56	1
124	589.17	320.19	1
125	587.59	320.19	1
126	586.01	318.61	1
127	586.01	317.82	1
128	586.01	317.82	1
129	586.01	317.82	1
130	586.01	317.82	1
131	586.01	317.82	1
132	586.01	317.82	1
133	589.96	320.19	1
134	590.75	320.19	1
135	590.75	320.19	1
136	593.12	320.19	1
137	594.7	320.19	1
138	595.49	320.19	1
139	595.49	320.19	1
140	595.49	320.19	1
141	595.49	322.56	1
142	595.49	322.56	1
143	595.49	322.56	1
144	595.49	322.56	1
145	595.49	322.56	1
146	595.49	322.56	1
147	595.49	323.35	1
148	595.49	324.93	1
149	595.49	324.93	1
150	595.49	324.93	1
151	595.49	324.93	1
152	597.08	322.56	1
153	597.08	322.56	1
154	597.08	322.56	1
155	598.66	322.56	1
156	598.66	322.56	1
157	598.66	322.56	1
158	598.66	322.56	1
159	599.45	322.56	1
160	600.24	322.56	1
161	600.24	322.56	1
162	599.45	320.19	1
163	599.45	320.19	1
164	599.45	320.19	1
165	599.45	320.19	1
166	599.45	320.19	1
167	599.45	320.19	1
168	600.24	320.19	1
169	601.03	320.19	1
170	602.61	320.19	1
171	602.61	320.19	1
172	601.82	320.19	1
173	601.82	320.19	1
174	601.82	318.61	1
175	601.82	317.82	1
176	604.19	317.82	1
177	606.56	315.45	1
178	606.56	315.45	1
179	606.56	315.45	1
180	606.56	316.24	1
181	607.35	316.24	1
182	607.35	316.24	1
183	608.14	316.24	1
184	608.14	316.24	1
185	608.14	316.24	1
186	608.14	316.24	1
187	608.14	316.24	1
188	608.14	316.24	1
189	608.14	316.24	1
190	608.14	317.82	1
191	608.93	317.82	1
192	609.72	317.82	1
193	610.51	317.82	1
194	610.51	317.82	1
195	612.09	317.82	1
196	612.09	315.45	1
197	612.09	315.45	1
198	612.09	315.45	1
199	612.88	315.45	1
200	613.67	314.66	1
201	613.67	314.66	1
202	614.46	314.66	1
203	614.46	316.24	1
204	614.46	317.82	1
205	614.46	317.82	1
206	616.04	317.82	1
207	616.04	317.82	1
208	616.04	317.82	1
209	616.04	317.82	1
210	616.04	317.82	1
211	616.04	317.82	1
212	616.04	317.82	1
213	616.04	317.82	1
214	616.04	317.82	1
215	616.04	317.82	1
216	616.83	317.82	1
217	618.41	315.45	1
218	619.2	315.45	1
219	620.79	315.45	1
220	622.37	314.66	1
221	622.37	313.87	1
222	622.37	313.87	1
223	622.37	313.87	1
224	623.16	313.87	1
225	623.16	313.87	1
226	623.95	313.87	1
227	623.95	313.87	1
228	623.95	313.87	1
229	624.74	313.87	1
230	626.32	313.87	1
231	627.11	313.87	1
232	627.9	313.87	1
233	631.06	313.87	1
234	631.85	314.66	1
235	631.85	316.24	1
236	632.64	317.82	1
237	634.22	317.82	1
238	635.01	317.82	1
239	636.59	317.82	1
240	638.17	318.61	1
241	640.54	320.19	1
242	640.54	320.19	1
243	640.54	320.19	1
244	642.12	320.19	1
245	642.91	320.19	1
246	642.91	320.19	1
247	646.08	317.82	1
248	646.87	317.82	1
249	646.87	317.82	1
250	646.87	317.82	1
251	650.03	315.45	1
252	650.82	313.87	1
253	650.82	313.87	1
254	651.61	312.29	1
255	652.4	311.5	1
256	652.4	311.5	1
257	653.19	310.71	1
258	653.98	310.71	1
259	657.14	308.34	1
260	660.3	307.55	1
261	663.46	305.18	1
262	671.37	304.39	1
263	675.32	304.39	1
264	686.38	301.22	1
265	691.13	298.85	1
266	694.29	296.48	1
267	698.24	296.48	1
268	701.4	296.48	1
269	711.67	295.69	1
270	718	294.9	1
271	722.74	294.9	1
272	725.11	294.9	1
273	733.8	292.53	1
274	734.59	291.74	1
275	736.97	290.16	1
276	739.34	287	1
277	739.34	286.21	1
278	739.34	279.89	1
