3	447.17	365.8	1
4	447.17	363.15	1
5	444.96	363.15	1
6	443.64	362.27	1
7	443.2	361.82	1
8	443.2	361.82	1
9	442.31	361.82	1
10	443.64	360.5	1
11	445.85	359.18	1
12	446.29	359.18	1
13	446.29	358.29	1
14	444.08	359.62	1
15	442.76	359.62	1
16	442.76	359.62	1
17	442.76	359.62	1
18	444.08	359.62	1
19	440.99	363.15	1
20	442.76	367.12	1
21	444.08	367.56	1
22	444.08	369.77	1
23	444.08	370.21	1
24	444.08	370.21	1
25	444.08	370.21	1
26	444.08	370.21	1
27	444.08	370.21	1
28	441.43	368.89	1
29	440.99	367.12	1
30	442.31	363.15	1
31	443.2	362.27	1
32	443.2	361.82	1
33	445.85	360.94	1
34	446.29	360.94	1
35	451.14	363.15	1
36	451.59	363.15	1
37	453.79	362.27	1
38	456	360.5	1
39	455.56	360.5	1
40	460.41	362.27	1
41	458.21	364.91	1
42	457.77	364.91	1
43	457.77	361.82	1
44	457.77	361.82	1
45	457.77	360.94	1
46	455.56	360.5	1
47	453.79	359.62	1
48	453.79	359.18	1
49	450.26	359.62	1
50	450.26	359.62	1
51	450.26	359.62	1
52	450.26	359.62	1
53	450.26	359.62	1
54	448.94	359.62	1
55	448.94	360.5	1
56	448.94	360.5	1
57	448.94	360.5	1
58	448.5	360.94	1
59	448.5	360.94	1
60	448.5	360.94	1
61	448.5	360.94	1
62	448.5	360.94	1
63	448.5	360.94	1
64	445.85	363.15	1
65	445.85	363.15	1
66	444.96	363.15	1
67	443.64	363.15	1
68	443.64	363.15	1
69	443.2	363.15	1
70	440.99	364.91	1
71	444.08	366.24	1
72	444.08	366.24	1
73	443.64	370.21	1
74	443.64	370.21	1
75	443.64	370.21	1
76	443.2	372.42	1
77	442.31	374.18	1
78	441.43	375.07	1
79	440.99	375.07	1
80	439.67	379.48	1
81	440.55	380.81	1
82	441.43	377.72	1
83	444.08	377.72	1
84	444.96	377.72	1
85	445.85	378.16	1
86	445.85	379.04	1
87	447.61	379.04	1
88	447.61	379.04	1
89	448.5	379.04	1
90	448.5	379.04	1
91	449.82	379.04	1
92	450.26	379.04	1
93	450.26	379.04	1
94	450.26	379.04	1
95	450.26	379.04	1
96	450.26	379.04	1
97	450.26	379.04	1
98	450.26	379.04	1
99	450.26	379.04	1
100	450.26	379.04	1
101	451.59	379.04	1
102	452.91	379.04	1
103	454.23	379.04	1
104	453.79	381.69	1
105	454.23	382.13	1
106	455.12	379.48	1
107	456.88	382.13	1
108	456.88	382.13	1
109	456.88	382.13	1
110	456.88	382.13	1
111	456.88	382.13	1
112	456.88	382.13	1
113	456.88	382.13	1
114	456.88	382.13	1
115	456.88	382.13	1
116	456	383.01	1
117	455.56	383.46	1
118	455.56	383.46	1
119	455.56	383.46	1
120	455.56	383.46	1
121	456.88	383.01	1
122	457.77	383.01	1
123	457.77	383.01	1
124	459.09	383.01	1
125	461.3	382.13	1
126	464.39	382.13	1
127	467.92	382.13	1
128	472.33	381.69	1
129	476.31	381.69	1
130	481.16	383.01	1
131	487.34	384.78	1
132	490.43	386.55	1
133	494.85	388.75	1
134	500.59	394.05	1
135	502.35	394.93	1
136	504.56	399.79	1
137	506.77	402	1
138	511.18	402	1
139	515.6	404.64	1
140	518.69	405.09	1
141	524.42	405.09	1
142	529.72	403.76	1
143	534.58	403.76	1
144	537.67	403.76	1
145	545.17	399.79	1
146	550.91	397.58	1
147	557.09	395.82	1
148	561.51	392.73	1
149	561.51	387.43	1
150	562.83	380.37	1
151	564.15	377.72	1
152	568.13	371.54	1
153	570.33	367.12	1
154	569.01	363.59	1
155	569.01	360.5	1
156	570.33	351.67	1
157	572.1	347.26	1
158	573.42	344.61	1
159	572.1	341.96	1
160	570.33	336.66	1
161	568.13	331.36	1
162	566.8	327.39	1
163	566.8	325.18	1
164	563.71	319.89	1
165	560.18	316.8	1
166	556.21	310.18	1
167	553.56	304.88	1
168	549.59	303.55	1
169	545.61	303.55	1
170	540.32	302.67	1
171	535.9	300.9	1
172	532.37	300.9	1
173	527.07	299.58	1
174	523.1	298.7	1
175	518.24	297.37	1
176	514.27	293.4	1
177	512.06	291.63	1
178	508.97	292.08	1
179	504.56	290.75	1
180	501.03	290.75	1
181	496.61	290.31	1
182	488.23	288.99	1
183	478.51	287.66	1
184	470.13	286.34	1
185	464.83	286.78	1
186	458.21	282.36	1
187	456.88	281.04	1
188	450.7	278.83	1
189	442.76	281.04	1
190	440.11	286.34	1
191	429.07	286.34	1
192	424.22	285.01	1
193	417.59	286.34	1
194	413.18	288.99	1
195	409.21	290.31	1
196	409.65	292.96	1
197	408.32	294.28	1
198	403.91	297.37	1
199	397.73	300.9	1
200	394.64	302.23	1
201	391.11	304.88	1
202	387.13	306.2	1
203	383.6	308.85	1
204	379.19	311.94	1
205	370.8	316.8	1
206	366.83	318.12	1
207	364.18	319.45	1
208	360.65	323.42	1
209	360.21	327.39	1
210	359.32	328.72	1
211	356.23	330.48	1
212	355.35	330.48	1
213	344.31	343.28	1
214	336.37	348.58	1
215	332.84	353.88	1
216	332.39	355.2	1
217	337.69	367.12	1
218	336.37	371.09	1
219	335.04	372.86	1
220	332.39	383.01	1
221	326.21	389.19	1
222	319.15	391.4	1
223	313.85	392.73	1
224	308.11	399.35	1
225	300.61	400.67	1
226	293.99	405.09	1
227	291.78	407.73	1
228	290.02	411.27	1
229	288.69	416.56	1
230	283.84	420.98	1
231	280.75	423.63	1
232	278.1	425.83	1
233	275.89	427.16	1
234	271.92	431.13	1
235	266.62	437.75	1
236	263.53	443.49	1
237	254.26	451.44	1
238	250.73	460.27	1
239	248.08	465.56	1
240	246.31	469.98	1
241	246.31	472.63	1
242	242.34	479.25	1
243	236.16	485.43	1
244	230.42	487.2	1
245	226.89	491.17	1
246	223.8	494.7	1
247	214.97	498.67	1
248	209.23	503.09	1
249	201.28	508.38	1
250	198.64	510.59	1
251	193.34	513.68	1
252	186.72	520.3	1
253	183.19	525.6	1
254	175.24	529.57	1
255	172.15	530.9	1
256	169.94	532.22	1
257	169.94	532.22	1
258	169.94	532.22	1
