1	984.52	541.33	1
2	984.52	541.33	1
3	983.97	541.33	1
4	983.97	541.33	1
5	983.97	541.33	1
6	983.97	541.33	1
7	983.97	541.33	1
8	983.97	541.33	1
9	983.97	541.33	1
10	978.44	539.67	1
11	978.44	539.67	1
12	978.44	539.67	1
13	980.65	538.02	1
14	980.65	538.02	1
15	980.65	538.02	1
16	980.65	538.02	1
17	980.65	538.02	1
18	980.65	538.02	1
19	980.65	538.57	1
20	980.65	538.57	1
21	980.65	538.57	1
22	980.65	538.57	1
23	980.65	539.12	1
24	983.97	539.12	1
25	984.52	539.67	1
26	987.83	539.67	1
27	990.04	539.67	1
28	990.04	539.67	1
29	992.8	539.67	1
30	993.35	539.67	1
31	993.35	539.67	1
32	995.56	540.78	1
33	998.32	541.33	1
34	1001.1	542.98	1
35	1003.8	544.64	1
36	1004.4	545.19	1
37	1008.8	548.51	1
38	1011.6	550.71	1
39	1013.2	551.82	1
40	1014.3	553.48	1
41	1016	554.58	1
42	1017.1	557.34	1
43	1017.6	557.89	1
44	1022.6	562.86	1
45	1024.8	563.41	1
46	1024.8	563.41	1
47	1024.8	563.97	1
48	1024.8	563.97	1
49	1025.4	563.97	1
50	1025.4	565.07	1
51	1025.4	565.07	1
52	1025.4	565.07	1
53	1025.4	565.07	1
54	1025.4	565.07	1
55	1025.4	565.07	1
56	1025.4	565.07	1
57	1025.4	565.62	1
58	1023.7	566.73	1
59	1023.7	566.73	1
60	1023.7	566.73	1
61	1023.7	566.73	1
62	1024.8	566.17	1
63	1024.8	566.17	1
64	1025.4	566.17	1
65	1025.4	566.17	1
66	1025.4	566.17	1
67	1025.4	566.17	1
68	1025.4	566.17	1
69	1027	566.17	1
70	1028.7	566.17	1
71	1028.7	566.17	1
72	1028.7	566.17	1
73	1028.7	566.17	1
74	1030.9	566.17	1
75	1030.9	565.62	1
76	1032.6	564.52	1
77	1034.8	563.41	1
78	1041.4	560.65	1
79	1041.4	560.65	1
80	1041.4	560.65	1
81	1041.4	560.65	1
82	1041.4	560.65	1
83	1041.9	560.65	1
84	1041.9	560.65	1
85	1046.9	559.55	1
86	1047.5	558.44	1
87	1048.6	558.44	1
88	1049.7	557.89	1
89	1050.8	556.79	1
90	1054.1	556.79	1
91	1056.3	556.79	1
92	1058	556.79	1
93	1059.1	556.79	1
94	1060.2	556.79	1
95	1060.2	556.79	1
96	1060.2	556.79	1
97	1062.4	556.79	1
98	1067.3	557.34	1
99	1067.9	557.34	1
100	1069.5	557.89	1
101	1070.1	557.89	1
102	1072.9	557.89	1
103	1072.9	557.89	1
104	1072.9	557.89	1
105	1077.3	557.89	1
106	1077.3	556.79	1
107	1077.3	556.79	1
108	1078.9	556.24	1
109	1078.9	556.24	1
110	1079.5	556.24	1
111	1084.5	557.34	1
112	1085	557.34	1
113	1088.3	557.89	1
114	1088.3	557.89	1
115	1091.6	559	1
116	1093.8	559	1
117	1093.8	559	1
118	1093.8	559.55	1
119	1094.4	559.55	1
120	1097.2	560.1	1
121	1097.2	560.1	1
122	1097.2	560.1	1
123	1097.2	560.1	1
124	1097.2	560.1	1
125	1097.2	560.1	1
126	1098.8	560.1	1
127	1101	561.21	1
128	1102.7	561.76	1
129	1104.3	562.86	1
130	1106.5	563.41	1
131	1108.8	563.41	1
132	1114.3	563.97	1
133	1116.5	565.07	1
134	1117.6	565.07	1
135	1117.6	565.07	1
136	1117.6	565.07	1
137	1117.6	565.07	1
138	1119.8	565.07	1
139	1119.8	565.07	1
140	1119.8	565.07	1
141	1122	564.52	1
142	1122	564.52	1
143	1122	564.52	1
144	1122	564.52	1
145	1123.1	564.52	1
146	1123.7	564.52	1
147	1123.7	564.52	1
148	1124.8	564.52	1
149	1127	564.52	1
150	1127.5	564.52	1
151	1128.6	564.52	1
152	1128.6	564.52	1
153	1130.8	564.52	1
154	1135.3	563.97	1
155	1135.3	563.97	1
156	1136.4	563.97	1
157	1142.4	563.97	1
158	1142.4	563.97	1
159	1144.1	563.97	1
160	1145.2	563.97	1
161	1145.2	563.97	1
162	1145.7	563.97	1
163	1148	563.97	1
164	1152.9	563.41	1
165	1152.9	563.41	1
166	1153.5	563.41	1
167	1161.2	563.97	1
168	1161.2	563.97	1
169	1161.2	563.97	1
170	1161.2	563.97	1
171	1161.2	563.97	1
172	1161.2	563.97	1
173	1161.2	563.97	1
174	1162.3	563.97	1
175	1164.5	563.97	1
176	1166.2	565.07	1
177	1166.7	565.07	1
178	1167.8	565.07	1
179	1167.8	565.07	1
180	1167.8	565.07	1
181	1167.8	565.07	1
182	1168.4	565.07	1
183	1172.2	568.94	1
184	1172.2	568.94	1
185	1172.2	568.94	1
186	1172.2	568.94	1
187	1172.2	568.94	1
188	1173.4	569.49	1
189	1176.1	570.59	1
190	1177.8	571.14	1
191	1178.9	571.14	1
192	1181.1	572.25	1
193	1181.6	572.8	1
194	1184.9	574.46	1
195	1187.2	575.01	1
196	1187.2	575.01	1
197	1189.9	576.67	1
198	1189.9	576.67	1
199	1189.9	576.67	1
200	1189.9	576.67	1
201	1196	577.77	1
202	1197.6	577.77	1
203	1197.6	578.32	1
204	1199.3	578.32	1
205	1203.2	579.98	1
206	1203.7	579.98	1
207	1204.8	580.53	1
208	1205.4	580.53	1
209	1207	581.63	1
210	1207	581.63	1
211	1207.6	582.19	1
212	1208.7	583.29	1
213	1208.7	583.29	1
214	1209.2	584.4	1
215	1209.2	585.5	1
216	1209.2	585.5	1
217	1210.3	587.16	1
218	1210.9	587.71	1
219	1212.6	588.81	1
220	1214.8	589.92	1
221	1214.8	591.02	1
222	1215.9	591.02	1
223	1216.4	591.02	1
224	1216.4	591.02	1
225	1216.4	591.02	1
226	1216.4	591.57	1
227	1219.7	592.68	1
228	1220.8	593.23	1
229	1222.5	593.23	1
230	1225.3	594.33	1
231	1227.5	595.44	1
232	1228	595.44	1
233	1229.7	596.54	1
234	1229.7	597.1	1
235	1229.7	597.1	1
236	1229.7	597.1	1
237	1229.7	597.1	1
238	1230.8	597.1	1
239	1231.9	598.2	1
240	1233.5	598.75	1
241	1234.6	599.3	1
242	1235.2	599.3	1
243	1235.7	600.41	1
244	1235.7	600.41	1
245	1236.8	600.41	1
246	1238.5	602.06	1
247	1238.5	602.06	1
248	1238.5	602.06	1
249	1240.7	604.27	1
250	1240.7	604.83	1
251	1241.3	604.83	1
252	1242.4	605.93	1
253	1244.6	610.35	1
254	1245.7	612	1
255	1246.2	613.11	1
256	1246.2	613.11	1
257	1250.1	615.32	1
258	1251.8	615.87	1
259	1252.3	615.87	1
260	1255.6	616.97	1
261	1257.8	617.52	1
262	1260.6	618.63	1
263	1260.6	618.63	1
264	1260.6	618.63	1
265	1260.6	618.63	1
266	1260.6	618.63	1
267	1260.6	618.63	1
268	1260.6	618.63	1
269	1261.7	619.18	1
270	1261.7	619.18	1
271	1264.5	619.73	1
272	1265	620.84	1
273	1266.1	620.84	1
274	1266.7	621.39	1
275	1267.2	622.49	1
276	1270	624.15	1
277	1271.1	624.7	1
278	1272.2	626.36	1
279	1272.7	626.36	1
280	1273.8	628.02	1
281	1273.8	628.02	1
282	1273.8	628.02	1
283	1275.5	629.67	1
284	1275.5	629.67	1
285	1275.5	629.67	1
286	1276.1	630.78	1
287	1277.7	631.88	1
288	1278.3	633.54	1
289	1279.9	634.09	1
290	1279.9	634.09	1
291	1283.2	635.75	1
292	1286.5	637.4	1
293	1287.1	637.4	1
294	1287.1	637.4	1
295	1290.4	637.95	1
296	1293.2	639.06	1
297	1295.9	639.06	1
298	1298.1	639.61	1
299	1298.1	639.61	1
300	1298.1	639.61	1
301	1298.1	639.61	1
302	1298.1	639.61	1
303	1298.1	639.61	1
304	1298.1	639.61	1
305	1298.1	639.61	1
306	1298.1	639.61	1
307	1301.5	641.27	1
308	1301.5	641.27	1
309	1303.7	642.92	1
310	1305.3	644.58	1
311	1305.3	644.58	1
312	1305.3	644.58	1
313	1305.3	644.58	1
314	1305.9	645.13	1
315	1305.9	645.13	1
316	1306.4	645.13	1
317	1307.5	645.68	1
318	1307.5	647.34	1
319	1309.2	649.55	1
320	1310.8	650.65	1
321	1311.4	652.86	1
322	1313	653.97	1
323	1313.6	655.07	1
324	1314.7	655.07	1
325	1314.7	656.17	1
326	1314.7	656.17	1
327	1314.7	656.17	1
328	1315.3	657.83	1
329	1316.4	659.49	1
330	1316.4	659.49	1
331	1316.4	659.49	1
332	1316.4	659.49	1
333	1317.5	660.04	1
334	1320.2	661.7	1
335	1320.2	661.7	1
336	1322.4	663.35	1
337	1322.4	663.35	1
338	1322.4	663.35	1
339	1322.4	663.35	1
340	1323	663.35	1
341	1324.1	663.9	1
342	1324.6	665.01	1
343	1325.7	665.56	1
344	1326.3	666.11	1
345	1326.8	667.77	1
346	1326.8	667.77	1
347	1328	669.43	1
348	1328.5	669.98	1
349	1328.5	669.98	1
350	1331.3	671.63	1
351	1331.8	672.74	1
352	1331.8	672.74	1
353	1331.8	672.74	1
354	1331.8	672.74	1
355	1331.8	672.74	1
356	1332.4	674.95	1
357	1332.4	674.95	1
358	1332.4	674.95	1
359	1333.5	676.6	1
360	1333.5	676.6	1
361	1333.5	677.16	1
362	1334	678.26	1
363	1334	678.26	1
364	1335.1	678.26	1
365	1335.1	678.81	1
366	1337.3	680.47	1
