1	974.58	566.73	1
2	974.58	566.73	1
3	974.58	566.73	1
4	974.58	566.73	1
5	974.58	573.9	1
6	974.58	576.11	1
7	976.24	581.63	1
8	975.13	584.4	1
9	975.13	585.5	1
10	975.13	585.5	1
11	975.13	585.5	1
12	975.13	585.5	1
13	974.58	586.05	1
14	974.58	586.05	1
15	972.92	591.57	1
16	972.92	592.68	1
17	972.92	593.23	1
18	970.71	594.89	1
19	970.71	594.89	1
20	970.71	594.89	1
21	970.71	594.89	1
22	967.95	597.1	1
23	967.95	598.2	1
24	967.4	598.75	1
25	966.85	598.75	1
26	965.75	599.3	1
27	965.19	599.3	1
28	965.19	599.3	1
29	965.19	599.3	1
30	965.19	599.3	1
31	962.43	600.96	1
32	959.67	603.72	1
33	957.46	605.93	1
34	954.15	608.14	1
35	952.49	609.79	1
36	949.18	613.11	1
37	947.52	613.66	1
38	946.97	613.66	1
39	946.42	614.21	1
40	944.76	615.87	1
41	943.66	616.97	1
42	943.11	616.97	1
43	943.11	617.52	1
44	942	617.52	1
45	939.79	619.18	1
46	939.24	620.84	1
47	939.24	621.39	1
48	938.14	622.49	1
49	937.59	624.15	1
50	937.03	624.7	1
51	937.03	624.7	1
52	937.03	624.7	1
53	935.38	626.91	1
54	935.38	628.02	1
55	934.27	629.67	1
56	933.72	629.67	1
57	933.72	629.67	1
58	933.72	629.67	1
59	933.72	629.67	1
60	932.06	631.88	1
61	931.51	632.43	1
62	929.86	634.09	1
63	928.2	634.64	1
64	926.54	637.4	1
65	925.99	637.95	1
66	923.23	639.61	1
67	922.68	640.16	1
68	921.02	641.27	1
69	919.37	641.82	1
70	917.71	642.92	1
71	916.6	643.48	1
72	914.95	644.58	1
73	914.95	644.58	1
74	913.84	644.58	1
75	911.63	645.68	1
76	909.98	646.79	1
77	909.43	646.79	1
78	906.67	647.34	1
79	906.11	648.44	1
80	905.56	648.44	1
81	902.8	649	1
82	901.7	649.55	1
83	901.7	649.55	1
84	901.7	649.55	1
85	898.94	650.65	1
86	896.73	651.21	1
87	895.07	651.21	1
88	895.07	651.21	1
89	894.52	652.31	1
90	894.52	652.31	1
91	893.41	652.31	1
92	892.86	652.31	1
93	887.89	653.97	1
94	885.68	655.07	1
95	883.48	656.17	1
96	882.37	656.73	1
97	880.16	657.83	1
98	878.51	659.49	1
99	878.51	659.49	1
100	876.85	660.59	1
101	875.75	662.25	1
102	874.09	665.01	1
103	872.98	667.22	1
104	872.43	667.77	1
105	871.33	674.95	1
106	871.33	675.5	1
107	871.33	675.5	1
108	869.12	678.81	1
109	868.57	681.02	1
110	868.57	683.78	1
111	867.46	684.89	1
112	866.36	686.54	1
113	866.36	686.54	1
114	866.36	686.54	1
115	866.36	686.54	1
116	864.7	688.2	1
117	863.6	689.86	1
118	863.6	691.51	1
119	863.6	693.17	1
120	863.6	693.72	1
121	863.05	695.38	1
122	861.39	697.03	1
123	861.39	697.03	1
124	860.84	698.69	1
125	860.84	699.24	1
126	859.18	701.45	1
127	859.18	701.45	1
128	858.08	702.56	1
129	858.08	703.11	1
130	858.08	703.11	1
131	856.42	706.42	1
132	856.42	708.63	1
133	855.87	710.29	1
134	855.32	712.49	1
135	855.32	715.25	1
136	855.32	715.81	1
137	855.32	719.12	1
138	855.32	721.33	1
139	855.87	724.64	1
140	857.52	727.4	1
141	857.52	727.4	1
142	857.52	727.4	1
143	857.52	730.16	1
144	855.87	732.37	1
145	855.32	734.58	1
146	854.21	734.58	1
147	854.21	736.24	1
148	853.66	736.79	1
149	853.66	740.65	1
150	853.66	743.41	1
151	853.66	745.62	1
152	853.66	747.28	1
153	853.66	747.28	1
154	853.66	747.28	1
155	853.66	753.35	1
156	853.66	758.32	1
157	853.66	758.87	1
158	853.66	758.87	1
159	853.66	759.98	1
160	853.66	762.19	1
161	853.66	763.84	1
162	853.66	764.4	1
163	853.66	766.05	1
164	853.66	769.92	1
165	852	772.13	1
166	851.45	773.78	1
167	851.45	773.78	1
168	851.45	774.89	1
169	850.35	777.65	1
170	849.79	779.3	1
171	848.69	781.51	1
172	848.14	781.51	1
173	848.14	782.62	1
174	847.03	784.27	1
175	846.48	785.93	1
176	846.48	788.69	1
177	845.93	792.56	1
178	845.93	793.66	1
179	845.93	794.21	1
180	845.93	794.21	1
181	844.83	796.42	1
182	844.83	798.08	1
183	844.27	806.36	1
184	843.17	806.91	1
185	842.62	807.46	1
186	840.41	809.12	1
187	837.65	811.33	1
188	837.65	812.98	1
189	837.65	814.09	1
190	837.1	814.09	1
191	837.1	814.09	1
192	837.1	814.64	1
193	837.1	816.3	1
194	835.99	818.51	1
195	835.99	821.82	1
196	835.99	821.82	1
197	835.99	823.48	1
198	835.99	827.34	1
199	835.99	827.89	1
200	835.99	827.89	1
201	835.99	829	1
202	835.99	829	1
203	835.99	829.55	1
204	833.78	831.76	1
205	833.78	832.86	1
206	832.13	834.52	1
207	831.57	835.07	1
208	831.02	836.17	1
209	829.92	837.28	1
210	829.37	838.38	1
211	826.6	840.04	1
212	826.05	843.9	1
213	826.05	845.56	1
214	826.05	846.67	1
215	826.05	847.77	1
216	826.05	847.77	1
217	826.05	848.32	1
218	826.05	849.98	1
219	826.05	849.98	1
220	826.05	851.63	1
221	826.05	852.19	1
222	826.05	854.95	1
223	826.05	857.16	1
224	826.05	857.71	1
225	826.05	860.47	1
226	826.05	862.13	1
227	826.05	862.68	1
228	826.05	864.33	1
229	826.05	864.33	1
230	823.84	867.1	1
231	822.19	868.75	1
232	822.19	868.75	1
233	822.19	868.75	1
234	822.19	869.86	1
235	820.53	871.51	1
236	818.32	874.27	1
237	816.67	877.03	1
238	816.11	879.24	1
239	815.01	879.79	1
240	814.46	881.45	1
241	814.46	882	1
242	813.35	883.11	1
243	813.35	884.76	1
244	813.35	885.32	1
245	813.35	887.52	1
246	813.35	888.63	1
247	813.35	888.63	1
248	813.35	888.63	1
249	813.35	888.63	1
250	813.35	890.84	1
251	813.35	891.94	1
252	813.35	893.05	1
253	811.7	895.81	1
254	811.14	897.46	1
255	811.14	898.02	1
256	810.59	898.57	1
257	809.49	900.22	1
258	808.94	901.88	1
259	808.94	901.88	1
260	808.94	901.88	1
261	807.83	903.54	1
262	807.83	904.09	1
263	807.83	907.95	1
264	807.83	914.58	1
