2	975.68	531.94	1
3	975.68	531.94	1
4	975.68	531.94	1
5	975.68	531.94	1
6	975.68	531.94	1
7	975.68	531.94	1
8	974.03	533.05	1
9	974.03	534.15	1
10	972.92	534.15	1
11	972.92	534.15	1
12	972.92	534.15	1
13	972.92	534.15	1
14	975.13	533.05	1
15	975.13	533.05	1
16	977.34	530.84	1
17	977.34	530.84	1
18	977.34	530.84	1
19	974.58	530.84	1
20	974.58	530.84	1
21	974.58	528.08	1
22	974.58	527.52	1
23	974.58	526.97	1
24	974.58	524.21	1
25	975.13	522	1
26	977.34	521.45	1
27	977.89	520.35	1
28	980.65	513.17	1
29	980.65	513.17	1
30	980.65	513.17	1
31	980.1	506.54	1
32	980.1	506.54	1
33	980.65	505.44	1
34	980.65	505.44	1
35	983.41	503.78	1
36	983.41	503.78	1
37	985.07	492.74	1
38	985.07	492.74	1
39	985.07	492.74	1
40	985.07	492.74	1
41	985.07	492.74	1
42	985.07	492.74	1
43	985.07	492.74	1
44	988.38	492.19	1
45	992.25	490.53	1
46	992.25	490.53	1
47	994.46	488.87	1
48	994.46	488.87	1
49	994.46	488.87	1
50	994.46	488.87	1
51	997.22	486.67	1
52	1001.1	481.7	1
53	1002.7	481.14	1
54	1005.5	479.49	1
55	1005.5	479.49	1
56	1005.5	479.49	1
57	1011	478.94	1
58	1011	477.83	1
59	1011	477.83	1
60	1014.3	478.38	1
61	1013.8	478.94	1
62	1013.8	478.94	1
63	1013.8	478.94	1
64	1013.8	478.94	1
65	1014.9	478.94	1
66	1014.9	478.94	1
67	1018.2	477.28	1
68	1024.3	477.28	1
69	1025.4	477.28	1
70	1029.8	477.28	1
71	1031.5	480.04	1
72	1035.3	482.25	1
73	1037	482.8	1
74	1038.1	482.8	1
75	1040.3	484.46	1
76	1040.8	485.56	1
77	1040.8	485.56	1
78	1040.8	485.56	1
79	1040.8	485.56	1
80	1040.8	485.56	1
81	1044.2	486.11	1
82	1045.8	486.67	1
83	1048	487.77	1
84	1049.7	488.32	1
85	1051.3	489.43	1
86	1053.5	489.98	1
87	1054.1	489.98	1
88	1056.8	491.08	1
89	1057.4	491.08	1
90	1062.9	494.95	1
91	1063.5	494.95	1
92	1063.5	494.95	1
93	1065.1	496.05	1
94	1066.8	497.71	1
95	1067.9	498.81	1
96	1068.4	498.81	1
97	1075.6	499.37	1
98	1078.4	500.47	1
99	1083.4	501.02	1
100	1083.4	501.57	1
101	1083.9	501.57	1
102	1087.2	503.23	1
103	1087.2	503.23	1
104	1088.9	504.89	1
105	1091.1	506.54	1
106	1092.2	507.1	1
107	1092.7	508.2	1
108	1093.8	508.75	1
109	1093.8	508.75	1
110	1098.8	510.41	1
111	1099.9	511.51	1
112	1101.6	511.51	1
113	1103.2	510.96	1
114	1106	509.3	1
115	1107.1	509.3	1
116	1108.8	508.75	1
117	1108.8	507.65	1
118	1109.9	507.65	1
119	1116.5	507.1	1
120	1120.9	506.54	1
121	1120.9	506.54	1
122	1124.2	506.54	1
123	1129.2	508.2	1
124	1129.7	508.2	1
125	1133	508.2	1
126	1134.2	508.2	1
127	1136.9	508.75	1
128	1137.5	508.75	1
129	1141.3	508.75	1
130	1144.1	507.65	1
131	1145.2	507.1	1
132	1145.2	507.1	1
133	1145.2	506.54	1
134	1146.8	506.54	1
135	1152.4	503.78	1
136	1155.7	502.13	1
137	1157.3	501.57	1
138	1157.9	501.57	1
139	1159	501.57	1
140	1162.9	499.37	1
141	1164.5	498.26	1
142	1165.1	498.26	1
143	1168.4	496.6	1
144	1169.5	495.5	1
145	1170.6	494.4	1
146	1175	492.19	1
147	1176.1	492.19	1
148	1176.1	492.19	1
149	1177.8	489.98	1
150	1180	487.22	1
151	1182.2	486.11	1
152	1183.8	485.01	1
153	1183.8	485.01	1
154	1183.8	484.46	1
155	1184.9	484.46	1
156	1188.8	482.8	1
157	1189.9	481.7	1
158	1194.3	480.59	1
159	1194.3	480.59	1
160	1196.5	479.49	1
161	1197.1	478.94	1
162	1197.1	478.94	1
163	1198.8	477.83	1
164	1202.1	476.73	1
165	1202.6	476.73	1
166	1203.7	475.62	1
167	1204.3	475.62	1
168	1204.8	475.07	1
169	1205.9	475.07	1
170	1207.6	473.97	1
171	1213.1	471.76	1
172	1213.1	471.76	1
173	1213.1	471.76	1
174	1213.7	471.76	1
175	1218.6	471.21	1
176	1220.3	470.1	1
177	1220.8	470.1	1
178	1222.5	469.55	1
179	1225.3	468.44	1
180	1226.4	468.44	1
181	1228.6	467.89	1
182	1230.2	467.89	1
183	1230.2	467.89	1
184	1230.2	467.89	1
185	1230.2	466.79	1
186	1233.5	466.24	1
187	1237.4	465.68	1
188	1239.1	464.58	1
189	1241.3	464.03	1
190	1244.6	462.37	1
191	1245.1	461.27	1
192	1246.8	461.27	1
193	1252.9	460.16	1
194	1254.5	460.16	1
195	1257.8	459.06	1
196	1258.4	458.51	1
197	1259.5	458.51	1
198	1265	456.85	1
199	1265.6	456.85	1
200	1266.1	456.85	1
201	1269.4	456.3	1
202	1270.5	455.19	1
203	1270.5	455.19	1
204	1271.6	455.19	1
205	1274.9	454.64	1
206	1275.5	454.64	1
207	1281	452.98	1
208	1286.5	450.78	1
209	1288.2	450.78	1
210	1289.3	449.67	1
211	1293.2	447.46	1
212	1295.4	444.15	1
213	1295.9	443.6	1
214	1297	442.49	1
215	1297	442.49	1
216	1299.2	441.94	1
217	1300.9	441.39	1
218	1301.5	440.29	1
219	1304.8	438.63	1
220	1305.9	438.63	1
221	1308.6	438.08	1
222	1310.8	436.42	1
223	1312.5	436.42	1
224	1312.5	436.42	1
225	1312.5	435.87	1
226	1314.2	435.87	1
227	1317.5	434.21	1
228	1317.5	434.21	1
229	1317.5	434.21	1
230	1317.5	434.21	1
231	1319.7	433.11	1
232	1323.5	431.45	1
233	1325.2	430.35	1
234	1325.2	430.35	1
235	1326.3	430.35	1
236	1330.7	428.69	1
237	1330.7	428.69	1
238	1334	427.03	1
239	1335.7	425.93	1
240	1336.2	425.93	1
241	1336.2	425.93	1
242	1336.8	425.38	1
243	1338.4	424.83	1
244	1338.4	424.83	1
245	1340.1	423.72	1
246	1341.2	423.72	1
247	1344	422.06	1
248	1346.2	421.51	1
249	1347.8	420.96	1
250	1347.8	420.96	1
251	1348.9	419.86	1
252	1351.7	416.54	1
253	1352.8	416.54	1
254	1352.8	415.99	1
255	1353.4	415.99	1
256	1354.5	415.44	1
257	1355	415.44	1
258	1357.2	413.78	1
259	1358.3	412.68	1
260	1360	412.13	1
261	1360	411.02	1
262	1361.6	409.92	1
263	1362.2	408.26	1
264	1362.7	406.6	1
265	1363.8	404.95	1
266	1365.5	403.29	1
267	1366.6	401.08	1
268	1366.6	401.08	1
269	1366.6	401.08	1
270	1366.6	401.08	1
271	1366.6	399.43	1
272	1369.9	392.25	1
273	1371	390.04	1
274	1371	390.04	1
275	1371	390.04	1
276	1370.5	388.38	1
277	1370.5	386.73	1
278	1370.5	386.17	1
279	1369.9	385.62	1
