2	974.51	529.35	1
3	974.51	530.49	1
4	972.8	531.06	1
5	972.8	531.06	1
6	972.8	531.06	1
7	972.8	531.06	1
8	972.8	531.06	1
9	972.8	531.06	1
10	974.51	529.92	1
11	974.51	525.91	1
12	974.51	525.91	1
13	975.66	519.05	1
14	975.66	519.05	1
15	975.66	516.19	1
16	974.51	513.9	1
17	973.37	513.33	1
18	971.65	509.9	1
19	969.37	505.89	1
20	969.37	505.89	1
21	969.37	505.89	1
22	972.23	501.89	1
23	972.23	501.89	1
24	972.8	497.88	1
25	972.8	496.74	1
26	972.8	488.73	1
27	972.8	488.73	1
28	974.51	487.59	1
29	974.51	487.59	1
30	977.95	486.44	1
31	975.09	486.44	1
32	971.65	486.44	1
33	965.36	479.58	1
34	965.36	479.58	1
35	965.36	479.58	1
36	967.08	477.86	1
37	967.08	477.86	1
38	967.08	477.29	1
39	967.08	476.72	1
40	965.36	473.86	1
41	963.65	473.29	1
42	963.65	473.29	1
43	963.65	473.29	1
44	957.93	473.29	1
45	957.93	469.28	1
46	957.93	469.28	1
47	957.93	468.14	1
48	957.35	467.57	1
49	955.64	465.85	1
50	953.35	463.56	1
51	953.35	463.56	1
52	947.63	463.56	1
53	947.63	463.56	1
54	947.63	463.56	1
55	947.63	463.56	1
56	947.63	463.56	1
57	945.91	461.85	1
58	944.77	460.13	1
59	942.48	456.12	1
60	941.91	452.69	1
61	940.76	452.69	1
62	940.76	452.69	1
63	938.48	450.98	1
64	936.19	448.69	1
65	935.04	446.97	1
66	935.04	446.97	1
67	934.47	446.4	1
68	934.47	444.68	1
69	932.18	442.4	1
70	931.04	441.25	1
71	931.04	440.68	1
72	923.6	440.11	1
73	923.6	438.96	1
74	923.6	437.25	1
75	923.03	434.96	1
76	923.03	433.24	1
77	922.46	433.24	1
78	919.03	430.96	1
79	918.46	429.24	1
80	916.74	429.24	1
81	913.88	427.52	1
82	912.74	426.95	1
83	911.59	425.81	1
84	911.02	425.24	1
85	909.3	425.24	1
86	909.3	424.66	1
87	908.16	423.52	1
88	905.87	422.95	1
89	905.3	421.8	1
90	905.3	421.23	1
91	903.58	419.51	1
92	900.15	417.8	1
93	899.58	417.8	1
94	898.43	417.23	1
95	897.29	416.08	1
96	895.57	415.51	1
97	894.43	414.37	1
98	893.86	413.79	1
99	892.14	412.08	1
100	889.85	411.51	1
101	886.99	409.79	1
102	885.85	409.22	1
103	882.99	407.5	1
104	882.42	406.36	1
105	880.13	404.64	1
106	878.99	403.5	1
107	878.41	402.35	1
108	876.7	400.64	1
109	874.98	400.64	1
110	873.26	398.92	1
111	871.55	398.35	1
112	871.55	398.35	1
113	866.97	397.78	1
114	866.4	397.78	1
115	865.26	397.78	1
116	865.26	397.78	1
117	862.97	396.63	1
118	860.68	396.63	1
119	859.54	396.63	1
120	856.1	396.06	1
121	854.96	396.06	1
122	853.24	394.92	1
123	851.53	394.92	1
124	849.81	394.92	1
125	849.24	394.92	1
126	847.52	394.35	1
127	844.09	393.77	1
128	841.8	393.77	1
129	838.37	392.63	1
130	836.65	392.06	1
131	834.94	392.06	1
132	833.79	392.06	1
133	829.79	390.91	1
134	826.36	390.34	1
135	825.21	390.34	1
136	825.21	390.34	1
137	824.64	389.2	1
138	820.64	388.62	1
139	818.35	388.05	1
140	817.21	388.05	1
141	815.49	386.91	1
142	814.92	386.91	1
143	813.77	386.34	1
144	813.77	386.34	1
145	813.2	386.34	1
146	811.49	386.34	1
147	810.91	385.19	1
148	809.2	385.19	1
149	808.62	385.19	1
150	803.48	384.62	1
151	801.19	383.48	1
152	799.47	383.48	1
153	799.47	383.48	1
154	793.75	382.33	1
155	793.18	381.19	1
156	790.32	381.19	1
157	787.46	380.62	1
158	785.74	379.47	1
159	782.88	378.9	1
160	782.31	377.76	1
161	781.74	377.76	1
162	778.88	377.18	1
163	778.31	376.61	1
164	777.16	375.47	1
165	774.3	372.61	1
166	770.3	368.03	1
167	769.15	367.46	1
168	769.15	367.46	1
169	768.58	367.46	1
170	764.58	365.74	1
171	763.43	365.74	1
172	763.43	365.74	1
173	762.86	365.17	1
174	761.15	364.03	1
175	760.57	364.03	1
176	759.43	364.03	1
177	759.43	363.46	1
178	757.71	363.46	1
179	754.85	361.74	1
180	753.71	361.74	1
181	749.71	360.02	1
182	749.13	359.45	1
183	749.13	359.45	1
184	749.13	359.45	1
185	745.7	357.74	1
186	743.41	357.16	1
187	741.7	357.16	1
188	739.98	356.02	1
189	739.41	355.45	1
190	738.26	355.45	1
191	735.4	353.73	1
192	734.26	352.59	1
193	730.83	352.01	1
194	730.26	351.44	1
195	728.54	351.44	1
196	726.82	350.3	1
197	726.25	350.3	1
198	726.25	350.3	1
199	725.11	350.3	1
200	717.1	352.01	1
201	717.1	352.01	1
202	714.81	352.01	1
203	714.24	353.16	1
204	713.1	353.16	1
205	712.52	353.16	1
206	712.52	353.16	1
207	709.09	353.16	1
208	706.8	353.16	1
209	703.94	353.16	1
210	703.94	353.16	1
211	703.37	353.16	1
212	698.79	353.16	1
213	697.65	353.16	1
214	695.93	352.59	1
215	694.22	352.59	1
216	689.64	352.59	1
217	687.93	352.59	1
218	687.35	352.59	1
219	684.49	352.59	1
220	683.92	352.59	1
221	682.78	352.59	1
222	678.77	352.59	1
223	678.77	352.59	1
224	678.2	352.59	1
225	678.2	352.59	1
226	677.63	352.59	1
227	675.91	352.59	1
228	675.91	352.59	1
229	674.2	352.59	1
230	673.05	352.59	1
231	672.48	352.59	1
232	670.76	352.59	1
233	670.19	352.59	1
234	669.05	352.59	1
235	666.76	352.59	1
236	665.04	352.59	1
237	664.47	352.59	1
238	662.76	352.59	1
239	659.32	352.59	1
240	658.75	352.59	1
241	654.75	352.59	1
242	651.32	353.16	1
243	649.03	353.73	1
244	646.17	354.88	1
245	645.02	355.45	1
246	643.31	356.59	1
247	639.88	357.16	1
248	638.16	357.74	1
249	636.44	358.88	1
250	636.44	358.88	1
251	636.44	358.88	1
252	629.58	363.46	1
253	628.43	364.6	1
254	628.43	364.6	1
255	627.86	364.6	1
256	627.86	365.17	1
257	626.72	365.17	1
258	623.86	366.32	1
259	622.71	366.32	1
260	619.85	368.03	1
