2	964.79	544.22	1
3	964.79	544.22	1
4	961.36	544.79	1
5	961.36	544.79	1
6	961.36	544.79	1
7	961.36	544.79	1
8	961.36	544.79	1
9	961.36	544.79	1
10	961.36	544.79	1
11	961.36	544.79	1
12	961.36	544.79	1
13	961.36	544.79	1
14	961.36	544.79	1
15	961.36	544.79	1
16	961.36	544.79	1
17	961.36	544.79	1
18	961.36	544.79	1
19	961.36	544.79	1
20	961.36	545.93	1
21	961.93	547.65	1
22	963.65	552.23	1
23	964.22	552.23	1
24	966.51	553.94	1
25	974.51	559.09	1
26	980.24	563.1	1
27	983.1	564.81	1
28	987.1	565.96	1
29	987.67	567.1	1
30	988.82	567.67	1
31	993.39	571.1	1
32	994.54	572.82	1
33	995.11	573.39	1
34	995.68	576.82	1
35	996.82	580.26	1
36	996.82	580.83	1
37	998.54	583.12	1
38	999.11	584.26	1
39	999.11	584.26	1
40	999.11	585.4	1
41	1000.3	586.55	1
42	1000.3	586.55	1
43	1004.8	588.26	1
44	1012.8	590.55	1
45	1014.6	592.27	1
46	1015.7	592.27	1
47	1015.7	592.27	1
48	1015.7	592.27	1
49	1015.7	593.99	1
50	1015.7	594.56	1
51	1016.3	594.56	1
52	1016.3	594.56	1
53	1016.3	596.27	1
54	1016.3	596.85	1
55	1021.4	598.56	1
56	1023.7	600.28	1
57	1023.7	600.28	1
58	1024.3	600.28	1
59	1026	601.99	1
60	1026.6	602.57	1
61	1027.7	604.28	1
62	1029.4	605.43	1
63	1032.3	604.85	1
64	1033.4	604.28	1
65	1038	602.57	1
66	1038	601.99	1
67	1039.2	601.99	1
68	1039.2	601.99	1
69	1039.2	601.99	1
70	1042	601.99	1
71	1047.2	602.57	1
72	1051.2	604.28	1
73	1055.2	605.43	1
74	1056.3	606	1
75	1058	606.57	1
76	1058.6	606.57	1
77	1063.2	610	1
78	1066.6	611.72	1
79	1068.9	612.29	1
80	1071.8	613.43	1
81	1078.1	614.58	1
82	1078.6	614.58	1
83	1078.6	614.58	1
84	1084.3	615.72	1
85	1086.1	615.72	1
86	1087.8	615.72	1
87	1088.9	615.72	1
88	1091.8	618.01	1
89	1092.9	619.15	1
90	1093.5	619.15	1
91	1093.5	619.15	1
92	1093.5	619.73	1
93	1095.8	620.87	1
94	1098.6	622.59	1
95	1099.8	622.59	1
96	1102.7	623.16	1
97	1103.2	623.16	1
98	1103.2	623.16	1
99	1105.5	623.16	1
100	1107.2	623.16	1
101	1111.2	624.88	1
102	1116.4	626.59	1
103	1117	626.59	1
104	1117	626.59	1
105	1117	626.59	1
106	1120.4	627.16	1
107	1120.4	627.16	1
108	1121	627.16	1
109	1122.1	627.74	1
110	1130.1	631.74	1
111	1130.1	631.74	1
112	1131.3	631.74	1
113	1133.5	631.74	1
114	1137.5	632.31	1
115	1142.1	632.88	1
116	1143.3	633.46	1
117	1143.3	633.46	1
118	1143.3	633.46	1
119	1143.3	633.46	1
120	1143.3	633.46	1
121	1143.3	633.46	1
122	1145.6	633.46	1
123	1147.3	634.6	1
124	1147.8	634.6	1
125	1149.6	635.17	1
126	1149.6	635.17	1
127	1151.8	636.32	1
128	1157	638.6	1
129	1162.1	638.6	1
130	1162.7	638.6	1
131	1165	638.6	1
132	1165	638.6	1
133	1165	638.6	1
134	1166.7	639.18	1
135	1168.4	639.18	1
136	1170.2	640.32	1
137	1174.7	642.61	1
138	1174.7	642.61	1
139	1174.7	643.18	1
140	1177.6	644.32	1
141	1178.2	644.9	1
142	1179.9	646.61	1
143	1185.6	647.18	1
144	1185.6	647.18	1
145	1187.9	646.61	1
146	1187.9	646.61	1
147	1187.9	646.61	1
148	1190.2	646.61	1
149	1191.3	646.61	1
150	1191.3	646.61	1
151	1197	646.61	1
152	1197	646.61	1
153	1197	646.61	1
154	1199.9	646.61	1
155	1205	646.61	1
156	1205	646.61	1
157	1206.8	645.47	1
158	1206.8	645.47	1
159	1206.8	645.47	1
160	1207.3	645.47	1
161	1216.5	648.9	1
162	1218.2	650.04	1
163	1218.2	650.04	1
164	1218.8	650.62	1
165	1218.8	650.62	1
166	1219.9	650.62	1
167	1222.8	651.76	1
168	1223.9	652.33	1
169	1226.8	654.05	1
170	1230.2	654.62	1
171	1230.2	655.76	1
172	1230.8	655.76	1
173	1234.2	657.48	1
174	1236.5	659.2	1
175	1236.5	659.2	1
176	1237.7	659.2	1
177	1242.2	658.62	1
178	1242.2	658.62	1
179	1243.4	658.62	1
180	1243.4	658.62	1
181	1246.2	659.2	1
182	1247.4	659.77	1
183	1247.9	660.34	1
184	1247.9	661.49	1
185	1251.4	662.06	1
186	1251.4	662.06	1
187	1254.8	665.49	1
188	1256.5	667.21	1
189	1256.5	667.21	1
190	1260.5	668.92	1
191	1261.1	668.92	1
192	1263.4	670.07	1
193	1264.5	671.21	1
194	1265.1	671.78	1
195	1265.1	671.78	1
196	1270.8	670.64	1
197	1272.5	670.07	1
198	1272.5	670.07	1
199	1285.7	671.78	1
200	1285.7	671.78	1
201	1285.7	671.78	1
202	1285.1	671.78	1
203	1285.1	671.78	1
204	1285.1	671.78	1
205	1287.4	674.64	1
206	1288	675.21	1
207	1288	675.21	1
208	1288	675.21	1
209	1289.7	676.93	1
210	1291.4	677.5	1
211	1291.4	677.5	1
212	1291.4	677.5	1
213	1293.1	678.65	1
214	1294.3	679.22	1
215	1298.3	679.22	1
216	1298.3	679.22	1
217	1299.4	678.07	1
218	1306.9	676.36	1
219	1306.9	676.36	1
220	1306.9	676.36	1
221	1309.2	676.36	1
222	1309.2	676.36	1
223	1309.2	676.36	1
224	1314.9	673.5	1
225	1318.3	672.35	1
226	1318.9	672.35	1
227	1318.9	672.35	1
228	1318.9	672.35	1
229	1322.9	670.64	1
230	1322.9	670.64	1
231	1322.9	670.64	1
232	1326.3	670.07	1
233	1328	669.49	1
234	1329.7	669.49	1
235	1332.6	667.78	1
236	1333.8	667.78	1
237	1333.8	667.78	1
238	1333.8	667.78	1
239	1336	666.63	1
240	1337.8	666.06	1
241	1339.5	664.92	1
242	1339.5	664.92	1
243	1339.5	664.92	1
244	1346.3	664.92	1
