2	961.93	536.78	1
3	961.93	536.78	1
4	961.93	536.78	1
5	962.5	536.78	1
6	966.51	535.07	1
7	966.51	535.07	1
8	966.51	535.07	1
9	966.51	535.07	1
10	966.51	535.07	1
11	966.51	535.07	1
12	966.51	534.49	1
13	966.51	534.49	1
14	966.51	534.49	1
15	966.51	534.49	1
16	966.51	534.49	1
17	966.51	534.49	1
18	966.51	534.49	1
19	969.94	534.49	1
20	971.65	535.64	1
21	969.94	537.93	1
22	969.94	537.93	1
23	969.94	539.07	1
24	969.94	539.07	1
25	969.94	539.64	1
26	969.94	539.64	1
27	969.94	539.64	1
28	973.37	540.21	1
29	975.66	541.93	1
30	977.38	544.79	1
31	977.95	547.08	1
32	977.95	547.65	1
33	977.95	551.65	1
34	977.95	554.51	1
35	977.95	557.38	1
36	977.95	560.24	1
37	977.95	560.81	1
38	979.09	561.38	1
39	979.66	561.38	1
40	980.24	561.38	1
41	980.24	561.38	1
42	984.81	563.1	1
43	987.1	565.38	1
44	987.67	568.82	1
45	987.67	572.82	1
46	987.67	574.54	1
47	987.67	576.82	1
48	984.24	579.68	1
49	981.95	581.97	1
50	981.95	581.97	1
51	981.95	584.26	1
52	981.95	585.4	1
53	981.95	585.98	1
54	981.95	585.98	1
55	981.95	589.41	1
56	981.95	589.98	1
57	981.95	589.98	1
58	981.95	589.98	1
59	980.81	593.99	1
60	980.24	595.13	1
61	980.24	595.7	1
62	977.95	597.42	1
63	977.95	597.42	1
64	977.95	597.99	1
65	979.66	599.71	1
66	979.66	600.85	1
67	981.95	600.85	1
68	983.1	600.28	1
69	983.1	600.28	1
70	983.1	600.28	1
71	983.67	604.85	1
72	983.67	605.43	1
73	983.67	608.86	1
74	982.52	611.15	1
75	981.95	612.86	1
76	980.81	612.86	1
77	978.52	613.43	1
78	976.8	614.58	1
79	973.94	615.15	1
80	973.94	615.72	1
81	973.94	615.72	1
82	973.94	615.72	1
83	972.8	615.15	1
84	971.08	615.15	1
85	971.08	614.01	1
86	971.08	614.01	1
87	971.08	613.43	1
88	971.08	613.43	1
89	970.51	613.43	1
90	969.94	614.58	1
91	969.94	614.58	1
92	968.22	616.87	1
93	966.51	620.3	1
94	966.51	620.87	1
95	966.51	622.59	1
96	966.51	622.59	1
97	965.36	623.16	1
98	961.36	627.74	1
99	961.36	627.74	1
100	961.36	627.74	1
101	961.36	627.74	1
102	955.07	623.73	1
103	955.07	623.73	1
104	955.07	623.73	1
105	952.78	625.45	1
106	951.63	626.59	1
107	951.63	626.59	1
108	951.63	626.59	1
109	949.92	627.16	1
110	949.35	627.16	1
111	948.77	628.31	1
112	948.77	628.31	1
113	947.63	628.31	1
114	947.63	628.31	1
115	944.2	628.88	1
116	943.05	629.45	1
117	941.91	629.45	1
118	938.48	630.6	1
119	937.9	631.74	1
120	932.18	630.02	1
121	933.33	627.74	1
122	933.9	627.74	1
123	936.76	627.16	1
124	937.33	626.02	1
125	933.33	628.31	1
126	933.33	628.31	1
127	933.33	628.31	1
128	930.47	628.88	1
129	930.47	629.45	1
130	930.47	629.45	1
131	930.47	629.45	1
132	930.47	629.45	1
133	930.47	629.45	1
134	930.47	629.45	1
135	930.47	629.45	1
136	928.18	629.45	1
137	927.61	630.6	1
138	926.46	631.17	1
139	923.03	632.88	1
140	923.03	632.88	1
141	921.89	634.03	1
142	919.03	635.17	1
143	918.46	635.17	1
144	918.46	635.17	1
145	917.88	636.89	1
146	916.74	636.89	1
147	916.74	636.89	1
148	916.74	636.89	1
149	914.45	636.89	1
150	912.16	638.6	1
151	906.44	639.18	1
152	905.3	640.32	1
153	905.3	640.32	1
154	904.73	640.32	1
155	900.72	639.75	1
156	899.58	639.75	1
157	899.01	639.18	1
158	899.01	637.46	1
159	899.01	637.46	1
160	899.01	636.89	1
161	899.01	636.89	1
162	897.86	635.74	1
163	897.86	635.74	1
164	897.86	635.74	1
165	897.29	635.74	1
166	893.29	635.17	1
167	891.57	635.17	1
168	891.57	635.17	1
169	891.57	635.17	1
170	891.57	635.17	1
171	889.85	632.88	1
172	889.28	632.88	1
173	889.28	632.88	1
174	889.28	632.88	1
175	886.42	632.88	1
176	886.42	632.88	1
177	885.85	632.88	1
178	882.42	632.88	1
179	881.85	632.88	1
180	879.56	632.88	1
181	877.84	632.88	1
182	877.84	632.88	1
183	877.84	632.88	1
184	877.84	632.88	1
185	877.84	632.88	1
186	876.12	632.88	1
187	875.55	632.88	1
188	872.69	631.74	1
189	869.83	631.17	1
190	868.12	631.17	1
191	868.12	630.02	1
192	866.4	630.02	1
193	865.26	629.45	1
194	864.68	629.45	1
195	862.97	627.74	1
196	862.4	627.74	1
197	862.4	627.74	1
198	860.68	627.16	1
199	858.96	626.02	1
200	857.25	625.45	1
201	854.96	623.73	1
202	853.24	622.01	1
203	852.67	621.44	1
204	851.53	621.44	1
205	849.81	619.73	1
206	849.24	618.01	1
207	847.52	616.29	1
208	846.95	615.72	1
209	846.95	615.72	1
210	845.81	615.72	1
211	841.23	613.43	1
212	839.51	612.29	1
213	839.51	612.29	1
214	839.51	612.29	1
215	839.51	611.72	1
216	839.51	611.72	1
217	838.94	610.57	1
218	835.51	608.29	1
219	834.37	607.71	1
220	833.22	606	1
221	831.51	604.28	1
222	831.51	603.14	1
223	830.36	603.14	1
224	829.79	602.57	1
225	829.79	602.57	1
226	829.79	601.99	1
227	829.79	601.99	1
228	828.07	599.13	1
229	826.36	596.85	1
230	825.79	596.27	1
231	824.64	594.56	1
232	823.5	592.84	1
233	822.35	592.27	1
234	821.78	591.12	1
235	820.07	589.41	1
236	818.35	587.69	1
237	814.92	587.12	1
238	812.06	584.83	1
239	812.06	584.83	1
240	812.06	584.83	1
241	812.06	584.83	1
242	812.06	584.83	1
243	812.06	584.83	1
244	810.34	583.69	1
245	809.2	583.12	1
246	808.05	582.54	1
247	808.05	582.54	1
248	805.19	580.83	1
249	803.48	579.68	1
250	803.48	579.68	1
251	803.48	579.68	1
252	801.19	577.97	1
253	799.47	576.82	1
254	796.61	573.39	1
255	795.47	572.25	1
256	795.47	572.25	1
257	795.47	572.25	1
258	794.9	571.68	1
259	794.9	571.68	1
260	792.04	571.1	1
261	790.89	571.1	1
262	789.75	569.96	1
263	784.03	566.53	1
264	781.74	565.96	1
265	781.74	565.96	1
266	781.74	565.96	1
267	781.74	565.96	1
268	777.74	565.38	1
269	776.02	565.38	1
270	775.45	565.38	1
271	774.3	564.24	1
272	773.73	564.24	1
273	769.73	563.67	1
274	768.01	562.52	1
275	768.01	562.52	1
276	762.29	561.38	1
277	761.15	561.38	1
278	758.86	560.24	1
279	758.86	560.24	1
280	757.14	558.52	1
281	756.57	557.95	1
282	755.43	557.95	1
283	753.14	556.23	1
284	751.42	556.23	1
285	749.13	555.66	1
286	749.13	555.66	1
287	749.13	554.51	1
288	749.13	554.51	1
289	748.56	554.51	1
290	747.42	554.51	1
291	744.56	553.94	1
292	743.41	552.8	1
293	743.41	552.8	1
294	741.7	552.8	1
295	739.98	552.23	1
296	739.41	551.08	1
297	738.84	551.08	1
298	738.84	551.08	1
299	737.69	551.08	1
300	737.69	551.08	1
301	737.69	551.08	1
302	735.98	551.08	1
303	734.83	551.08	1
304	731.4	550.51	1
305	723.96	548.79	1
306	723.96	548.79	1
307	723.96	548.79	1
308	723.39	548.79	1
309	720.53	548.22	1
310	718.82	548.22	1
311	716.53	547.08	1
312	715.96	547.08	1
313	714.81	547.08	1
314	714.81	547.08	1
315	710.81	546.51	1
316	710.24	546.51	1
317	710.24	546.51	1
318	710.24	545.93	1
319	709.09	545.93	1
320	707.95	543.07	1
321	705.09	541.36	1
322	702.8	540.21	1
323	702.23	540.21	1
324	701.08	538.5	1
325	700.51	538.5	1
326	697.08	537.35	1
327	693.07	534.49	1
328	694.79	535.07	1
329	692.5	532.21	1
330	689.64	533.35	1
331	689.64	533.35	1
332	689.64	533.35	1
333	689.64	533.35	1
334	689.64	533.35	1
335	689.64	533.35	1
336	686.78	533.92	1
337	685.64	533.92	1
338	679.92	531.06	1
339	679.35	530.49	1
340	677.63	529.35	1
341	677.06	528.2	1
342	675.34	527.06	1
343	675.34	526.49	1
344	671.91	524.2	1
345	671.34	522.48	1
346	670.19	522.48	1
347	669.62	521.34	1
348	667.9	519.62	1
349	666.19	519.05	1
350	664.47	518.48	1
351	662.76	517.33	1
352	662.76	517.33	1
353	662.18	516.76	1
354	659.9	515.04	1
355	658.75	513.9	1
356	656.46	512.76	1
357	655.89	511.61	1
358	655.89	511.61	1
359	655.89	511.61	1
360	654.75	511.61	1
361	651.32	508.75	1
362	651.32	508.75	1
363	650.74	507.61	1
364	650.74	507.61	1
365	649.03	507.04	1
366	647.31	507.04	1
367	645.6	505.89	1
368	642.74	504.18	1
369	641.02	503.03	1
370	640.45	501.89	1
371	640.45	501.89	1
372	639.3	501.32	1
373	635.3	497.88	1
374	633.01	496.17	1
375	633.01	495.6	1
376	633.01	495.6	1
377	633.01	495.6	1
378	629.58	495.6	1
379	629.01	495.6	1
380	629.01	495.6	1
381	629.01	495.6	1
382	625	490.45	1
383	625	490.45	1
384	625	490.45	1
385	623.29	488.16	1
386	623.29	487.59	1
387	621.57	484.73	1
388	620.43	483.01	1
389	619.85	482.44	1
390	618.14	476.72	1
391	617.57	476.72	1
392	617.57	476.72	1
393	616.42	473.29	1
394	616.42	473.29	1
395	615.85	473.29	1
396	611.85	472.14	1
397	608.99	471	1
398	608.41	471	1
399	603.84	469.28	1
400	596.97	466.99	1
401	596.97	466.99	1
402	596.97	466.99	1
403	596.97	466.99	1
404	596.97	466.99	1
405	596.4	465.28	1
406	596.4	463.56	1
407	595.26	463.56	1
408	595.26	462.99	1
409	594.68	460.7	1
410	594.68	460.7	1
411	594.68	458.99	1
412	593.54	457.27	1
413	592.97	457.27	1
414	591.25	453.84	1
415	590.68	452.12	1
416	590.68	452.12	1
417	589.54	451.55	1
418	589.54	451.55	1
419	588.96	450.98	1
420	587.25	449.83	1
421	586.68	449.83	1
422	585.53	449.83	1
423	583.24	448.12	1
424	582.67	448.12	1
425	574.09	443.54	1
