42	969.94	549.37	1
43	969.94	549.37	1
44	969.94	549.37	1
45	969.94	549.37	1
46	969.94	549.94	1
47	973.94	553.37	1
48	973.94	553.94	1
49	977.38	555.09	1
50	977.38	555.09	1
51	977.38	555.09	1
52	981.95	557.38	1
53	983.1	557.38	1
54	985.96	559.09	1
55	987.1	559.09	1
56	988.82	561.95	1
57	992.82	569.39	1
58	994.54	571.1	1
59	996.82	571.68	1
60	997.4	571.68	1
61	998.54	572.82	1
62	998.54	572.82	1
63	998.54	572.82	1
64	998.54	572.82	1
65	999.11	573.39	1
66	999.11	573.39	1
67	1000.8	574.54	1
68	1002.5	576.25	1
69	1002.5	576.25	1
70	1004.3	576.82	1
71	1004.3	577.4	1
72	1004.8	577.4	1
73	1006.5	578.54	1
74	1007.1	579.11	1
75	1008.3	579.11	1
76	1008.3	580.26	1
77	1008.3	580.26	1
78	1010.6	579.68	1
79	1010.6	579.68	1
80	1010.6	579.68	1
81	1010.6	579.68	1
82	1010.6	579.68	1
83	1007.7	579.11	1
84	1007.7	579.11	1
85	1007.7	579.11	1
86	1007.7	579.11	1
87	1007.7	579.11	1
88	1007.7	579.11	1
89	1007.7	579.11	1
90	1007.7	579.11	1
91	1007.7	579.11	1
92	1008.3	579.11	1
93	1011.1	579.11	1
94	1012.8	580.26	1
95	1015.7	582.54	1
96	1018.6	584.83	1
97	1020.3	585.98	1
98	1022	587.69	1
99	1022	587.69	1
100	1023.7	588.84	1
101	1024.3	589.98	1
102	1025.4	591.7	1
103	1026	592.84	1
104	1026.6	592.84	1
105	1031.7	595.7	1
106	1034	597.42	1
107	1035.7	597.99	1
108	1037.4	597.99	1
109	1037.4	597.99	1
110	1037.4	597.99	1
111	1037.4	598.56	1
112	1034	598.56	1
113	1034	598.56	1
114	1034	598.56	1
115	1034	598.56	1
116	1034	597.99	1
117	1034	597.99	1
118	1035.2	598.56	1
119	1037.4	601.99	1
120	1037.4	601.99	1
121	1039.2	603.71	1
122	1039.7	605.43	1
123	1040.9	605.43	1
124	1040.9	605.43	1
125	1043.2	607.14	1
126	1043.7	607.71	1
127	1045.4	608.29	1
128	1047.2	610	1
129	1050.6	611.72	1
130	1052.9	613.43	1
131	1052.9	613.43	1
132	1052.9	613.43	1
133	1053.5	613.43	1
134	1053.5	613.43	1
135	1053.5	614.01	1
136	1054.6	614.01	1
137	1055.2	615.72	1
138	1056.9	617.44	1
139	1058	618.58	1
140	1058	619.15	1
141	1058.6	619.15	1
142	1060.9	619.73	1
143	1064.9	622.59	1
144	1066	623.16	1
145	1066.6	623.16	1
146	1067.8	624.3	1
147	1068.3	624.3	1
148	1068.3	624.3	1
149	1068.9	624.3	1
150	1070	624.3	1
151	1074	625.45	1
152	1075.8	626.59	1
153	1075.8	626.59	1
154	1075.8	626.59	1
155	1075.8	626.59	1
156	1075.8	626.59	1
157	1077.5	627.16	1
158	1079.8	628.88	1
159	1079.8	629.45	1
160	1080.3	630.6	1
161	1082.1	632.31	1
162	1083.8	632.88	1
163	1083.8	634.03	1
164	1085.5	636.32	1
165	1087.8	638.6	1
166	1087.8	640.32	1
167	1088.9	642.04	1
168	1088.9	642.04	1
169	1090.1	642.61	1
170	1091.8	644.9	1
171	1091.8	646.04	1
172	1093.5	646.61	1
173	1095.8	649.47	1
174	1097.5	650.04	1
175	1099.2	651.76	1
176	1101.5	651.76	1
177	1104.4	650.62	1
178	1104.4	650.62	1
179	1104.4	650.62	1
180	1104.4	650.62	1
181	1104.4	650.62	1
182	1105.5	650.62	1
183	1107.2	651.76	1
184	1108.4	652.33	1
185	1108.9	653.48	1
186	1110.1	653.48	1
187	1112.9	655.76	1
188	1115.8	657.48	1
189	1116.4	657.48	1
190	1119.8	659.77	1
191	1120.4	659.77	1
192	1120.4	659.77	1
193	1120.4	659.77	1
194	1121	659.77	1
195	1122.7	660.91	1
196	1122.7	660.91	1
197	1123.8	660.91	1
198	1123.8	660.91	1
199	1125.5	660.91	1
200	1126.7	661.49	1
201	1127.8	661.49	1
202	1129.5	662.06	1
203	1131.3	662.06	1
204	1131.8	663.2	1
205	1133.5	663.77	1
206	1136.4	665.49	1
207	1138.1	666.06	1
208	1138.1	667.21	1
209	1139.3	667.21	1
210	1141	667.78	1
211	1143.3	668.92	1
212	1145.6	669.49	1
213	1146.7	669.49	1
214	1146.7	669.49	1
215	1147.8	669.49	1
216	1147.8	669.49	1
217	1147.8	670.64	1
218	1149	670.64	1
219	1150.7	671.21	1
220	1150.7	671.21	1
221	1152.4	671.21	1
222	1154.7	671.78	1
223	1156.4	672.93	1
224	1157	672.93	1
225	1159.3	673.5	1
226	1159.3	673.5	1
227	1161	674.64	1
228	1162.1	674.64	1
229	1162.1	674.64	1
230	1163.3	675.21	1
231	1164.4	676.36	1
232	1166.1	676.93	1
233	1167.9	678.65	1
234	1169	680.36	1
235	1170.2	681.51	1
236	1171.9	678.65	1
237	1171.9	678.65	1
238	1175.3	679.22	1
239	1177	679.22	1
240	1178.2	680.36	1
241	1179.9	680.36	1
242	1182.7	680.93	1
243	1185	682.08	1
244	1186.7	682.08	1
245	1187.3	682.65	1
246	1187.3	682.65	1
247	1187.3	682.65	1
248	1188.5	683.22	1
249	1189	683.22	1
250	1189	683.22	1
251	1189.6	683.22	1
252	1191.3	683.22	1
253	1193	684.37	1
254	1194.7	684.94	1
255	1197	686.65	1
256	1198.2	687.8	1
257	1198.2	687.8	1
258	1198.8	688.37	1
259	1199.3	688.37	1
260	1200.5	688.94	1
261	1202.2	690.09	1
262	1202.2	690.09	1
263	1202.8	690.66	1
264	1202.8	690.66	1
265	1204.5	693.52	1
266	1204.5	694.09	1
267	1204.5	694.66	1
268	1205	694.66	1
269	1208.5	694.66	1
270	1208.5	694.66	1
271	1208.5	694.66	1
272	1210.2	694.66	1
273	1210.8	696.38	1
274	1213.6	698.1	1
275	1214.2	699.24	1
276	1214.2	699.24	1
277	1214.8	699.24	1
278	1217.6	700.38	1
279	1218.2	702.1	1
280	1219.3	702.1	1
281	1219.3	702.1	1
282	1220.5	703.24	1
283	1222.2	703.24	1
284	1225.6	704.39	1
285	1226.2	705.53	1
286	1226.2	705.53	1
287	1229.6	704.96	1
288	1230.8	704.96	1
289	1233.6	704.96	1
290	1235.4	704.96	1
291	1235.9	704.96	1
292	1235.9	704.96	1
293	1235.9	704.96	1
294	1240.5	708.96	1
295	1241.1	708.96	1
296	1242.8	708.96	1
297	1244.5	708.96	1
298	1244.5	708.96	1
299	1246.8	709.54	1
300	1246.8	709.54	1
301	1246.8	709.54	1
302	1246.8	709.54	1
303	1246.8	710.11	1
304	1247.4	710.11	1
305	1247.4	711.25	1
306	1248.5	712.97	1
307	1248.5	713.54	1
308	1250.8	716.97	1
309	1251.4	717.54	1
310	1252.5	719.26	1
311	1252.5	719.26	1
312	1253.1	720.98	1
313	1253.1	720.98	1
314	1254.2	721.55	1
315	1256.5	724.41	1
316	1257.1	724.98	1
317	1262.8	727.27	1
318	1265.1	721.55	1
319	1265.7	722.69	1
320	1268	724.41	1
321	1268.5	724.41	1
322	1268.5	724.41	1
323	1268.5	724.41	1
324	1270.3	725.55	1
325	1273.7	728.99	1
326	1274.3	728.99	1
327	1274.3	728.99	1
328	1274.3	728.99	1
329	1277.1	730.7	1
330	1277.1	731.27	1
331	1277.7	732.42	1
332	1277.7	732.42	1
333	1277.7	732.42	1
334	1277.7	732.42	1
335	1280	732.42	1
336	1281.7	732.99	1
337	1281.7	732.99	1
338	1284	735.85	1
339	1285.1	736.42	1
340	1285.1	736.42	1
341	1285.7	736.99	1
342	1285.7	738.14	1
343	1285.7	738.14	1
344	1286.8	738.71	1
345	1289.1	741	1
346	1289.7	742.14	1
347	1289.7	742.14	1
348	1289.7	742.14	1
349	1288.6	745.57	1
350	1288.6	746.15	1
351	1291.4	749.58	1
352	1291.4	749.58	1
353	1293.1	751.29	1
354	1294.9	752.44	1
