1	986.73	555.68	1
2	986.73	555.68	1
3	986.73	556.79	1
4	992.25	557.34	1
5	992.25	557.34	1
6	992.25	557.34	1
7	988.94	559	1
8	987.83	559	1
9	987.83	559	1
10	987.83	559	1
11	987.83	559	1
12	987.83	559	1
13	987.83	559	1
14	987.83	559	1
15	987.28	560.65	1
16	987.28	560.65	1
17	990.59	561.21	1
18	991.7	561.21	1
19	991.7	561.21	1
20	993.9	562.31	1
21	993.9	563.97	1
22	993.35	564.52	1
23	993.35	564.52	1
24	994.46	565.62	1
25	996.11	565.62	1
26	996.11	565.62	1
27	996.11	565.62	1
28	995.01	566.73	1
29	995.01	566.73	1
30	995.01	566.73	1
31	994.46	567.83	1
32	994.46	568.38	1
33	995.56	569.49	1
34	997.77	570.04	1
35	997.77	573.35	1
36	997.77	575.56	1
37	997.77	576.11	1
38	997.77	578.87	1
39	997.77	579.43	1
40	997.77	579.43	1
41	996.67	579.43	1
42	996.11	580.53	1
43	996.11	581.08	1
44	996.11	581.08	1
45	996.11	586.05	1
46	996.11	586.6	1
47	996.11	586.6	1
48	996.11	586.6	1
49	993.35	587.16	1
50	993.35	588.26	1
51	993.35	588.81	1
52	993.35	590.47	1
53	993.9	592.13	1
54	993.9	593.78	1
55	994.46	594.33	1
56	994.46	595.99	1
57	995.56	597.65	1
58	996.11	599.3	1
59	996.11	599.3	1
60	996.11	599.3	1
61	996.11	599.3	1
62	996.11	599.3	1
63	996.11	599.3	1
64	996.11	599.3	1
65	996.11	602.06	1
66	996.11	603.17	1
67	997.77	604.83	1
68	998.32	606.48	1
69	999.98	607.03	1
70	999.98	607.03	1
71	999.98	607.03	1
72	1001.1	607.03	1
73	1001.1	607.03	1
74	1002.7	607.03	1
75	1003.3	607.59	1
76	1003.8	607.59	1
77	1004.9	608.69	1
78	1007.2	618.63	1
79	1007.2	618.63	1
80	1007.2	618.63	1
81	1007.2	618.63	1
82	1007.2	618.63	1
83	1003.8	618.63	1
84	1003.8	618.63	1
85	1003.8	618.63	1
86	1003.8	618.63	1
87	1005.5	618.63	1
88	1005.5	618.63	1
89	1005.5	617.52	1
90	1005.5	617.52	1
91	1005.5	617.52	1
92	1007.7	618.08	1
93	1008.8	618.63	1
94	1008.8	620.29	1
95	1009.4	621.94	1
96	1009.4	621.94	1
97	1009.4	621.94	1
98	1009.4	621.94	1
99	1009.4	622.49	1
100	1009.4	622.49	1
101	1009.4	622.49	1
102	1009.4	624.15	1
103	1011	626.36	1
104	1011	627.46	1
105	1013.2	631.33	1
106	1014.3	631.88	1
107	1014.3	631.88	1
108	1016.5	633.54	1
109	1018.2	635.19	1
110	1019.9	636.3	1
111	1019.9	636.85	1
112	1019.9	636.85	1
113	1019.9	636.85	1
114	1020.4	640.16	1
115	1020.4	640.71	1
116	1022.1	642.37	1
117	1022.6	644.03	1
118	1024.3	646.24	1
119	1025.4	647.89	1
120	1027	648.44	1
121	1027.6	649.55	1
122	1030.9	651.76	1
123	1032.6	652.31	1
124	1033.7	653.41	1
125	1035.3	653.97	1
126	1036.4	653.97	1
127	1038.1	655.07	1
128	1038.1	655.62	1
129	1039.2	657.28	1
130	1039.2	657.28	1
131	1040.8	657.83	1
132	1041.9	659.49	1
133	1042.5	660.59	1
134	1044.2	661.14	1
135	1045.8	662.8	1
136	1045.8	662.8	1
137	1048	664.46	1
138	1050.2	665.01	1
139	1051.3	666.11	1
140	1051.9	666.67	1
141	1054.1	668.32	1
142	1055.7	668.87	1
143	1059.1	671.63	1
144	1062.9	672.74	1
145	1063.5	672.74	1
146	1064.6	673.84	1
147	1074	675.5	1
148	1074.5	675.5	1
149	1074.5	676.05	1
150	1076.2	677.16	1
151	1077.8	677.71	1
152	1078.4	678.26	1
153	1081.7	679.92	1
154	1083.4	681.02	1
155	1087.2	679.92	1
156	1087.2	679.92	1
157	1087.2	679.92	1
158	1092.2	678.26	1
159	1092.2	678.26	1
160	1092.7	678.26	1
161	1096.6	678.26	1
162	1097.7	679.92	1
163	1102.7	679.92	1
164	1102.7	679.92	1
165	1104.9	679.92	1
166	1106.5	679.92	1
167	1108.2	679.37	1
168	1108.2	679.37	1
169	1108.8	679.37	1
170	1109.3	678.81	1
171	1109.3	678.81	1
172	1110.4	678.81	1
173	1113.2	678.81	1
174	1118.7	677.71	1
175	1118.7	677.16	1
176	1119.8	677.16	1
177	1121.5	677.16	1
178	1123.1	677.16	1
179	1124.2	677.16	1
180	1127.5	677.16	1
181	1128.6	677.16	1
182	1134.7	677.16	1
183	1135.3	677.16	1
184	1140.2	678.81	1
185	1140.8	678.81	1
186	1146.3	678.81	1
187	1146.3	678.81	1
188	1149.6	677.71	1
189	1155.7	675.5	1
190	1155.7	675.5	1
191	1155.7	675.5	1
192	1159	673.84	1
193	1159.5	673.84	1
194	1159.5	673.84	1
195	1160.7	673.29	1
196	1160.7	673.29	1
197	1164	673.29	1
198	1166.7	672.19	1
199	1168.9	672.19	1
200	1172.2	671.63	1
201	1173.9	671.08	1
202	1177.2	669.98	1
203	1177.8	669.98	1
204	1177.8	669.98	1
205	1178.9	669.43	1
206	1180	669.43	1
207	1181.1	668.32	1
208	1184.4	667.77	1
209	1184.4	667.77	1
210	1184.9	667.77	1
211	1187.2	667.22	1
212	1192.1	665.56	1
213	1194.3	665.56	1
214	1196	664.46	1
215	1198.2	663.9	1
216	1198.2	663.9	1
217	1199.3	663.9	1
218	1201.5	662.8	1
219	1203.2	662.25	1
220	1204.3	662.25	1
221	1205.4	662.25	1
222	1215.3	663.35	1
223	1218.1	663.9	1
224	1221.9	665.01	1
225	1222.5	665.01	1
226	1222.5	665.01	1
227	1227.5	665.01	1
228	1227.5	665.01	1
229	1233	664.46	1
230	1233.5	664.46	1
231	1234.6	664.46	1
232	1236.8	663.9	1
233	1236.8	663.9	1
234	1236.8	663.9	1
235	1239.1	663.9	1
236	1241.3	662.8	1
237	1241.3	662.8	1
238	1241.3	662.8	1
239	1244.6	662.8	1
240	1248.4	662.8	1
241	1248.4	662.8	1
242	1249.5	662.8	1
243	1251.8	662.8	1
244	1254	662.8	1
245	1255.1	662.8	1
246	1255.1	662.8	1
247	1260	665.56	1
248	1263.4	666.67	1
249	1266.7	667.22	1
250	1270.5	667.77	1
251	1270.5	667.77	1
252	1271.1	667.77	1
253	1273.8	667.77	1
254	1274.4	667.77	1
255	1279.9	668.87	1
256	1280.5	669.43	1
257	1281.6	669.43	1
258	1282.1	669.43	1
259	1285.4	670.53	1
260	1287.1	671.08	1
261	1287.1	671.08	1
262	1291	671.08	1
263	1293.2	671.08	1
264	1294.3	671.08	1
265	1294.3	671.08	1
266	1294.8	671.08	1
267	1300.3	671.08	1
268	1303.7	671.08	1
269	1308.1	671.63	1
270	1309.2	671.63	1
271	1311.4	673.29	1
272	1311.9	674.4	1
273	1311.9	674.4	1
274	1316.9	674.95	1
275	1316.9	674.95	1
276	1317.5	674.95	1
277	1320.8	673.84	1
278	1323	673.29	1
279	1324.1	673.29	1
280	1324.1	673.29	1
281	1329.6	671.63	1
282	1329.6	671.63	1
283	1332.4	671.08	1
284	1333.5	671.08	1
285	1335.1	669.98	1
286	1335.7	669.98	1
287	1340.7	669.98	1
