1	952.29	552.54	1
2	951.2	544.88	1
3	951.2	544.88	1
4	951.2	544.88	1
5	950.1	551.44	1
6	950.1	551.44	1
7	950.1	551.44	1
8	950.1	548.16	1
9	951.2	547.07	1
10	952.29	547.07	1
11	952.29	549.25	1
12	952.29	549.25	1
13	950.1	553.63	1
14	950.1	553.63	1
15	950.1	554.72	1
16	950.1	554.72	1
17	950.1	554.72	1
18	950.1	555.82	1
19	951.2	555.82	1
20	953.39	558.01	1
21	953.39	558.01	1
22	953.39	558.01	1
23	953.39	558.01	1
24	951.2	561.29	1
25	951.2	561.29	1
26	946.82	556.91	1
27	946.82	556.91	1
28	946.82	556.91	1
29	946.82	556.91	1
30	945.73	556.91	1
31	945.73	559.1	1
32	947.92	562.38	1
33	944.63	563.48	1
34	944.63	564.57	1
35	944.63	566.76	1
36	946.82	567.86	1
37	946.82	567.86	1
38	945.73	571.14	1
39	940.26	574.42	1
40	936.97	577.7	1
41	936.97	577.7	1
42	933.69	577.7	1
43	933.69	577.7	1
44	933.69	579.89	1
45	933.69	580.99	1
46	932.6	586.46	1
47	928.22	593.02	1
48	927.13	591.93	1
49	927.13	591.93	1
50	927.13	591.93	1
51	930.41	589.74	1
52	930.41	589.74	1
53	930.41	589.74	1
54	929.31	591.93	1
55	927.13	594.12	1
56	926.03	594.12	1
57	926.03	594.12	1
58	926.03	594.12	1
59	926.03	594.12	1
60	924.94	594.12	1
61	923.84	594.12	1
62	921.66	594.12	1
63	917.28	595.21	1
64	917.28	595.21	1
65	917.28	596.31	1
66	917.28	597.4	1
67	914	600.68	1
68	914	600.68	1
69	911.81	600.68	1
70	911.81	600.68	1
71	908.52	600.68	1
72	905.24	603.97	1
73	904.15	605.06	1
74	904.15	605.06	1
75	903.05	605.06	1
76	899.77	608.34	1
77	891.02	612.72	1
78	891.02	612.72	1
79	891.02	612.72	1
80	891.02	612.72	1
81	891.02	612.72	1
82	891.02	612.72	1
83	889.92	613.81	1
84	887.73	616	1
85	887.73	616	1
86	887.73	616	1
87	887.73	617.1	1
88	887.73	618.19	1
89	886.64	619.28	1
90	885.55	619.28	1
91	881.17	621.47	1
92	881.17	621.47	1
93	878.98	622.57	1
94	875.7	623.66	1
95	875.7	623.66	1
96	875.7	623.66	1
97	862.57	626.94	1
98	862.57	628.04	1
99	862.57	628.04	1
100	861.47	629.13	1
101	861.47	629.13	1
102	860.38	629.13	1
103	860.38	629.13	1
104	860.38	629.13	1
105	860.38	629.13	1
106	858.19	632.41	1
107	856	632.41	1
108	853.81	633.51	1
109	853.81	633.51	1
110	849.44	637.89	1
111	847.25	640.07	1
112	843.97	642.26	1
113	843.97	642.26	1
114	843.97	642.26	1
115	843.97	642.26	1
116	842.87	642.26	1
117	841.78	642.26	1
118	837.4	642.26	1
119	836.31	642.26	1
120	835.21	646.64	1
121	835.21	651.02	1
122	833.02	656.49	1
123	833.02	656.49	1
124	833.02	656.49	1
125	826.46	658.68	1
126	826.46	658.68	1
127	826.46	658.68	1
128	826.46	661.96	1
129	826.46	667.43	1
130	826.46	671.81	1
131	823.17	672.9	1
132	823.17	672.9	1
133	823.17	672.9	1
134	823.17	674	1
135	822.08	676.18	1
136	822.08	677.28	1
137	822.08	679.47	1
138	822.08	682.75	1
139	822.08	684.94	1
140	822.08	684.94	1
141	822.08	686.03	1
142	814.42	693.69	1
143	814.42	693.69	1
144	810.04	693.69	1
145	810.04	693.69	1
146	810.04	693.69	1
147	806.76	696.97	1
148	806.76	696.97	1
149	806.76	703.54	1
150	805.67	704.63	1
151	805.67	704.63	1
152	805.67	704.63	1
153	804.57	704.63	1
154	803.48	709.01	1
155	803.48	710.1	1
156	803.48	715.58	1
157	800.2	719.95	1
158	794.72	722.14	1
159	794.72	723.24	1
160	793.63	726.52	1
161	793.63	726.52	1
162	793.63	727.61	1
163	793.63	729.8	1
164	793.63	731.99	1
165	793.63	734.18	1
166	792.54	736.37	1
167	790.35	741.84	1
168	787.07	750.59	1
169	787.07	750.59	1
170	785.97	750.59	1
171	785.97	750.59	1
172	785.97	750.59	1
173	785.97	750.59	1
174	788.16	750.59	1
175	789.25	752.78	1
176	789.25	756.06	1
177	791.44	759.34	1
178	791.44	759.34	1
179	791.44	760.44	1
180	791.44	764.82	1
181	791.44	765.91	1
182	791.44	769.19	1
183	791.44	769.19	1
184	791.44	769.19	1
185	787.07	770.29	1
186	784.88	773.57	1
187	782.69	776.85	1
188	780.5	782.32	1
189	779.41	785.61	1
190	779.41	786.7	1
191	782.69	786.7	1
192	782.69	786.7	1
193	784.88	786.7	1
194	784.88	786.7	1
195	785.97	786.7	1
196	781.59	787.79	1
197	780.5	797.64	1
198	780.5	802.02	1
199	780.5	806.4	1
200	780.5	809.68	1
201	777.22	809.68	1
202	777.22	810.77	1
203	776.12	814.06	1
204	776.12	814.06	1
205	775.03	817.34	1
206	775.03	817.34	1
207	775.03	817.34	1
208	775.03	817.34	1
209	775.03	818.43	1
210	775.03	821.72	1
211	775.03	825	1
212	775.03	828.28	1
213	775.03	828.28	1
214	775.03	829.38	1
215	775.03	829.38	1
216	773.93	830.47	1
217	772.84	831.56	1
218	769.56	835.94	1
219	769.56	835.94	1
220	769.56	835.94	1
221	769.56	837.03	1
222	769.56	838.13	1
223	770.65	842.51	1
224	770.65	842.51	1
225	766.28	847.98	1
226	766.28	849.07	1
227	766.28	852.35	1
228	766.28	852.35	1
229	764.09	857.83	1
230	764.09	857.83	1
231	761.9	864.39	1
232	761.9	864.39	1
233	765.18	864.39	1
234	765.18	864.39	1
235	765.18	865.48	1
236	765.18	865.48	1
237	760.8	866.58	1
238	760.8	866.58	1
239	760.8	867.67	1
240	760.8	873.14	1
241	760.8	873.14	1
242	760.8	874.24	1
243	758.62	877.52	1
244	758.62	878.62	1
245	758.62	881.9	1
246	758.62	882.99	1
247	758.62	882.99	1
248	758.62	882.99	1
249	758.62	886.28	1
250	758.62	889.56	1
251	759.71	891.75	1
252	759.71	892.84	1
253	761.9	888.46	1
254	758.62	891.75	1
