1	981.25	529.29	1
2	981.25	528.16	1
3	982.37	528.16	1
4	983.49	529.29	1
5	983.49	529.29	1
6	990.22	529.29	1
7	991.34	528.16	1
8	993.58	528.16	1
9	993.58	528.16	1
10	993.58	528.16	1
11	994.71	529.29	1
12	996.95	529.29	1
13	996.95	529.29	1
14	996.95	528.16	1
15	1000.3	525.92	1
16	1004.8	523.68	1
17	1007	523.68	1
18	1007	523.68	1
19	1014.9	523.68	1
20	1020.5	523.68	1
21	1022.7	520.31	1
22	1022.7	520.31	1
23	1023.9	521.43	1
24	1025	523.68	1
25	1026.1	525.92	1
26	1027.2	527.04	1
27	1028.4	528.16	1
28	1028.4	528.16	1
29	1030.6	528.16	1
30	1032.8	528.16	1
31	1034	528.16	1
32	1034	528.16	1
33	1038.4	524.8	1
34	1038.4	524.8	1
35	1036.2	525.92	1
36	1036.2	525.92	1
37	1036.2	528.16	1
38	1036.2	528.16	1
39	1036.2	528.16	1
40	1038.4	528.16	1
41	1037.3	527.04	1
42	1038.4	525.92	1
43	1038.4	525.92	1
44	1038.4	525.92	1
45	1038.4	523.68	1
46	1039.6	522.56	1
47	1040.7	521.43	1
48	1040.7	521.43	1
49	1041.8	521.43	1
50	1042.9	521.43	1
51	1042.9	521.43	1
52	1045.2	519.19	1
53	1047.4	516.95	1
54	1047.4	514.71	1
55	1047.4	512.46	1
56	1045.2	510.22	1
57	1044.1	506.86	1
58	1044.1	504.61	1
59	1044.1	504.61	1
60	1044.1	501.25	1
61	1044.1	501.25	1
62	1044.1	501.25	1
63	1041.8	497.88	1
64	1047.4	491.15	1
65	1044.1	485.55	1
66	1044.1	485.55	1
67	1042.9	486.67	1
68	1042.9	486.67	1
69	1042.9	485.55	1
70	1042.9	481.06	1
71	1042.9	481.06	1
72	1046.3	476.57	1
73	1042.9	476.57	1
74	1042.9	476.57	1
75	1041.8	476.57	1
76	1040.7	476.57	1
77	1039.6	476.57	1
78	1039.6	475.45	1
79	1039.6	475.45	1
80	1039.6	475.45	1
81	1038.4	473.21	1
82	1038.4	473.21	1
83	1038.4	469.85	1
84	1038.4	465.36	1
85	1038.4	464.24	1
86	1038.4	463.12	1
87	1036.2	463.12	1
88	1034	459.75	1
89	1034	457.51	1
90	1038.4	456.39	1
91	1038.4	455.27	1
92	1037.3	454.14	1
93	1034	454.14	1
94	1034	454.14	1
95	1031.7	454.14	1
96	1030.6	451.9	1
97	1029.5	446.29	1
98	1027.2	442.93	1
99	1027.2	441.81	1
100	1027.2	440.69	1
101	1026.1	437.32	1
102	1023.9	433.96	1
103	1022.7	432.84	1
104	1017.1	429.47	1
105	1016	427.23	1
106	1016	424.99	1
107	1020.5	422.74	1
108	1021.6	421.62	1
109	1021.6	419.38	1
110	1021.6	418.26	1
111	1021.6	417.14	1
112	1022.7	417.14	1
113	1023.9	414.89	1
114	1023.9	414.89	1
115	1018.3	414.89	1
116	1018.3	411.53	1
117	1021.6	410.41	1
118	1021.6	408.16	1
119	1021.6	407.04	1
120	1020.5	404.8	1
121	1014.9	404.8	1
122	1014.9	404.8	1
123	1014.9	403.68	1
124	1013.8	400.31	1
125	1013.8	398.07	1
126	1012.6	394.71	1
127	1012.6	393.58	1
128	1012.6	393.58	1
129	1012.6	393.58	1
130	1010.4	386.86	1
131	1010.4	384.61	1
132	1010.4	382.37	1
133	1010.4	382.37	1
134	1008.2	382.37	1
135	1009.3	382.37	1
136	1009.3	380.13	1
137	1007	380.13	1
138	1003.7	379	1
139	1001.4	374.52	1
140	1001.4	368.91	1
141	1002.6	368.91	1
142	1002.6	368.91	1
143	1002.6	368.91	1
144	1003.7	367.79	1
145	1004.8	366.67	1
146	1004.8	366.67	1
147	1004.8	364.43	1
148	1004.8	362.18	1
149	1004.8	361.06	1
150	1001.4	359.94	1
151	1000.3	359.94	1
152	1000.3	358.82	1
153	1000.3	355.45	1
154	1000.3	354.33	1
155	1000.3	354.33	1
156	1000.3	352.09	1
157	1000.3	350.97	1
158	1002.6	347.6	1
159	1002.6	346.48	1
160	1003.7	342	1
161	1003.7	340.87	1
162	1003.7	340.87	1
163	1003.7	338.63	1
164	1007	337.51	1
165	1011.5	331.9	1
166	1011.5	331.9	1
167	1011.5	331.9	1
168	1011.5	330.78	1
169	1011.5	327.42	1
170	1011.5	322.93	1
171	1016	322.93	1
172	1017.1	322.93	1
173	1017.1	322.93	1
174	1017.1	321.81	1
175	1016	317.32	1
176	1014.9	313.96	1
177	1014.9	312.84	1
178	1014.9	312.84	1
179	1017.1	312.84	1
180	1017.1	312.84	1
181	1023.9	310.59	1
182	1022.7	310.59	1
183	1021.6	310.59	1
184	1020.5	306.11	1
185	1020.5	304.99	1
186	1021.6	300.5	1
187	1021.6	300.5	1
188	1021.6	299.38	1
189	1026.1	297.14	1
190	1026.1	297.14	1
191	1027.2	297.14	1
192	1029.5	297.14	1
193	1029.5	291.53	1
194	1026.1	291.53	1
195	1026.1	287.04	1
196	1029.5	285.92	1
197	1029.5	285.92	1
198	1029.5	284.8	1
199	1031.7	281.43	1
200	1031.7	280.31	1
201	1031.7	279.19	1
202	1031.7	278.07	1
203	1031.7	275.83	1
204	1031.7	275.83	1
205	1031.7	275.83	1
206	1031.7	274.71	1
207	1031.7	270.22	1
208	1030.6	262.37	1
209	1030.6	262.37	1
210	1030.6	262.37	1
211	1030.6	262.37	1
212	1030.6	262.37	1
213	1030.6	259	1
214	1029.5	257.88	1
215	1029.5	257.88	1
216	1029.5	257.88	1
217	1029.5	257.88	1
218	1028.4	255.64	1
219	1028.4	254.52	1
220	1028.4	252.28	1
221	1029.5	251.15	1
222	1031.7	250.03	1
223	1031.7	247.79	1
224	1032.8	244.43	1
225	1032.8	244.43	1
226	1032.8	238.82	1
227	1031.7	238.82	1
228	1031.7	238.82	1
229	1031.7	238.82	1
230	1029.5	238.82	1
231	1028.4	235.45	1
232	1028.4	235.45	1
233	1028.4	232.09	1
234	1028.4	230.97	1
235	1029.5	230.97	1
236	1032.8	230.97	1
237	1031.7	228.72	1
238	1031.7	228.72	1
239	1032.8	225.36	1
240	1032.8	225.36	1
241	1034	224.24	1
242	1034	224.24	1
243	1036.2	219.75	1
244	1036.2	219.75	1
245	1038.4	216.39	1
246	1038.4	216.39	1
247	1038.4	216.39	1
248	1038.4	216.39	1
249	1037.3	215.27	1
250	1037.3	214.14	1
251	1037.3	214.14	1
252	1037.3	211.9	1
253	1039.6	208.54	1
254	1039.6	208.54	1
255	1042.9	200.69	1
256	1042.9	200.69	1
257	1042.9	200.69	1
258	1044.1	200.69	1
259	1044.1	200.69	1
260	1044.1	200.69	1
261	1044.1	200.69	1
262	1044.1	200.69	1
263	1044.1	199.57	1
264	1045.2	195.08	1
265	1045.2	192.84	1
266	1045.2	192.84	1
267	1045.2	190.59	1
268	1045.2	190.59	1
269	1045.2	186.11	1
270	1045.2	186.11	1
271	1045.2	186.11	1
272	1045.2	182.74	1
273	1045.2	179.38	1
274	1045.2	179.38	1
275	1045.2	179.38	1
276	1046.3	174.89	1
277	1045.2	172.65	1
278	1045.2	172.65	1
279	1045.2	172.65	1
280	1045.2	169.29	1
281	1045.2	169.29	1
282	1045.2	169.29	1
283	1045.2	169.29	1
284	1045.2	169.29	1
285	1045.2	169.29	1
286	1045.2	169.29	1
287	1045.2	168.16	1
288	1045.2	164.8	1
289	1045.2	162.56	1
290	1045.2	161.43	1
291	1045.2	161.43	1
292	1045.2	158.07	1
293	1045.2	158.07	1
294	1045.2	158.07	1
295	1045.2	154.71	1
296	1045.2	154.71	1
297	1045.2	154.71	1
298	1045.2	154.71	1
299	1045.2	152.46	1
300	1045.2	149.1	1
301	1045.2	145.73	1
302	1046.3	143.49	1
303	1047.4	141.25	1
304	1047.4	141.25	1
305	1050.8	141.25	1
306	1050.8	141.25	1
307	1050.8	141.25	1
308	1050.8	141.25	1
309	1048.5	135.64	1
310	1048.5	135.64	1
311	1047.4	134.52	1
312	1048.5	133.4	1
313	1051.9	131.15	1
314	1051.9	131.15	1
315	1051.9	130.03	1
316	1049.7	128.91	1
317	1049.7	128.91	1
318	1049.7	128.91	1
319	1047.4	126.67	1
320	1047.4	124.43	1
321	1047.4	124.43	1
322	1049.7	121.06	1
323	1053	118.82	1
324	1053	117.7	1
325	1050.8	118.82	1
326	1050.8	117.7	1
327	1050.8	117.7	1
328	1050.8	116.57	1
329	1050.8	114.33	1
330	1050.8	114.33	1
331	1051.9	110.97	1
332	1051.9	109.85	1
333	1053	107.6	1
