2	965.55	546.11	1
3	965.55	547.23	1
4	965.55	544.99	1
5	964.43	543.86	1
6	964.43	543.86	1
7	964.43	543.86	1
8	965.55	539.38	1
9	965.55	539.38	1
10	965.55	539.38	1
11	965.55	539.38	1
12	965.55	539.38	1
13	967.79	539.38	1
14	967.79	540.5	1
15	967.79	540.5	1
16	967.79	540.5	1
17	965.55	540.5	1
18	965.55	540.5	1
19	965.55	540.5	1
20	965.55	540.5	1
21	963.3	540.5	1
22	963.3	540.5	1
23	963.3	540.5	1
24	963.3	540.5	1
25	963.3	540.5	1
26	963.3	540.5	1
27	963.3	537.14	1
28	963.3	537.14	1
29	963.3	537.14	1
30	963.3	537.14	1
31	965.55	532.65	1
32	965.55	532.65	1
33	965.55	532.65	1
34	965.55	532.65	1
35	965.55	532.65	1
36	965.55	532.65	1
37	965.55	532.65	1
38	965.55	532.65	1
39	965.55	532.65	1
40	965.55	532.65	1
41	965.55	532.65	1
42	965.55	532.65	1
43	965.55	532.65	1
44	967.79	532.65	1
45	966.67	531.53	1
46	966.67	530.41	1
47	965.55	529.29	1
48	961.06	529.29	1
49	962.18	528.16	1
50	962.18	530.41	1
51	963.3	532.65	1
52	963.3	529.29	1
53	963.3	524.8	1
54	961.06	529.29	1
55	961.06	527.04	1
56	959.94	528.16	1
57	962.18	524.8	1
58	965.55	527.04	1
59	964.43	522.56	1
60	964.43	525.92	1
61	965.55	525.92	1
62	965.55	525.92	1
63	965.55	525.92	1
64	964.43	523.68	1
65	964.43	523.68	1
66	964.43	523.68	1
67	964.43	523.68	1
68	964.43	523.68	1
69	964.43	520.31	1
70	966.67	519.19	1
71	965.55	518.07	1
72	966.67	515.83	1
73	966.67	514.71	1
74	971.15	510.22	1
75	967.79	512.46	1
76	970.03	510.22	1
77	964.43	509.1	1
78	964.43	506.86	1
79	966.67	501.25	1
80	968.91	501.25	1
81	968.91	499	1
82	968.91	499	1
83	968.91	496.76	1
84	968.91	493.4	1
85	968.91	493.4	1
86	968.91	493.4	1
87	968.91	490.03	1
88	966.67	486.67	1
89	966.67	486.67	1
90	966.67	483.3	1
91	966.67	483.3	1
92	966.67	479.94	1
93	966.67	479.94	1
94	968.91	475.45	1
95	971.15	476.57	1
96	971.15	476.57	1
97	971.15	476.57	1
98	974.52	474.33	1
99	974.52	474.33	1
100	970.03	473.21	1
101	970.03	473.21	1
102	972.28	473.21	1
103	966.67	470.97	1
104	968.91	468.72	1
105	971.15	468.72	1
106	971.15	468.72	1
107	971.15	467.6	1
108	972.28	465.36	1
109	972.28	466.48	1
110	972.28	466.48	1
111	974.52	464.24	1
112	974.52	464.24	1
113	974.52	460.87	1
114	974.52	460.87	1
115	976.76	460.87	1
116	977.88	458.63	1
117	979	456.39	1
118	980.13	456.39	1
119	981.25	454.14	1
120	982.37	450.78	1
121	982.37	450.78	1
122	981.25	450.78	1
123	981.25	450.78	1
124	981.25	450.78	1
125	982.37	447.42	1
126	984.61	447.42	1
127	984.61	447.42	1
128	987.98	444.05	1
129	987.98	444.05	1
130	987.98	441.81	1
131	987.98	441.81	1
132	987.98	441.81	1
133	987.98	441.81	1
134	990.22	445.17	1
135	990.22	445.17	1
136	991.34	440.69	1
137	992.46	437.32	1
138	992.46	437.32	1
139	994.71	436.2	1
140	995.83	436.2	1
141	996.95	436.2	1
142	996.95	436.2	1
143	996.95	436.2	1
144	998.07	431.71	1
145	998.07	427.23	1
146	1001.4	422.74	1
147	1001.4	422.74	1
148	1001.4	419.38	1
149	1002.6	416.01	1
150	1004.8	417.14	1
151	1004.8	417.14	1
152	1004.8	417.14	1
153	1004.8	417.14	1
154	1004.8	417.14	1
155	1004.8	417.14	1
156	1004.8	418.26	1
157	1004.8	418.26	1
158	1004.8	418.26	1
159	1009.3	417.14	1
160	1016	408.16	1
161	1016	408.16	1
162	1016	408.16	1
163	1017.1	408.16	1
164	1018.3	404.8	1
165	1019.4	400.31	1
166	1020.5	398.07	1
167	1020.5	398.07	1
168	1020.5	398.07	1
169	1020.5	398.07	1
170	1021.6	396.95	1
171	1021.6	395.83	1
172	1021.6	395.83	1
173	1021.6	395.83	1
174	1022.7	393.58	1
175	1028.4	393.58	1
176	1028.4	393.58	1
177	1030.6	393.58	1
178	1034	392.46	1
179	1034	392.46	1
180	1034	392.46	1
181	1034	384.61	1
182	1038.4	381.25	1
183	1038.4	381.25	1
184	1038.4	381.25	1
185	1040.7	381.25	1
186	1047.4	379	1
187	1047.4	379	1
188	1048.5	376.76	1
189	1048.5	376.76	1
190	1050.8	374.52	1
191	1051.9	374.52	1
192	1053	372.28	1
193	1056.4	372.28	1
194	1056.4	372.28	1
195	1056.4	372.28	1
196	1056.4	372.28	1
197	1059.8	372.28	1
198	1060.9	372.28	1
199	1060.9	372.28	1
200	1060.9	372.28	1
201	1060.9	372.28	1
202	1063.1	372.28	1
203	1063.1	372.28	1
204	1063.1	372.28	1
205	1063.1	372.28	1
206	1067.6	372.28	1
207	1067.6	372.28	1
208	1077.7	371.15	1
209	1083.3	363.3	1
210	1083.3	365.55	1
211	1083.3	365.55	1
212	1083.3	365.55	1
213	1083.3	365.55	1
214	1088.9	366.67	1
215	1088.9	366.67	1
216	1090	366.67	1
217	1090	366.67	1
218	1091.2	366.67	1
219	1091.2	366.67	1
220	1091.2	366.67	1
221	1093.4	364.43	1
222	1093.4	364.43	1
223	1095.6	363.3	1
224	1095.6	363.3	1
225	1095.6	363.3	1
226	1097.9	363.3	1
227	1102.4	363.3	1
228	1102.4	363.3	1
229	1102.4	363.3	1
230	1102.4	363.3	1
231	1102.4	363.3	1
232	1105.7	364.43	1
233	1105.7	364.43	1
234	1111.3	365.55	1
235	1111.3	365.55	1
236	1119.2	364.43	1
237	1119.2	364.43	1
238	1119.2	364.43	1
239	1127	361.06	1
240	1127	361.06	1
241	1127	361.06	1
242	1127	361.06	1
243	1127	361.06	1
244	1127	361.06	1
245	1129.3	361.06	1
246	1130.4	358.82	1
247	1133.8	356.57	1
248	1133.8	356.57	1
249	1136	356.57	1
250	1136	356.57	1
251	1137.1	356.57	1
252	1139.4	358.82	1
253	1140.5	358.82	1
254	1140.5	358.82	1
255	1143.9	358.82	1
256	1143.9	358.82	1
257	1146.1	358.82	1
258	1146.1	358.82	1
259	1147.2	359.94	1
260	1150.6	364.43	1
261	1154	364.43	1
262	1158.4	364.43	1
263	1158.4	364.43	1
264	1161.8	364.43	1
265	1164.1	364.43	1
266	1164.1	364.43	1
267	1164.1	364.43	1
268	1167.4	364.43	1
269	1167.4	364.43	1
270	1167.4	364.43	1
271	1167.4	364.43	1
272	1167.4	364.43	1
273	1167.4	364.43	1
274	1167.4	364.43	1
275	1176.4	364.43	1
276	1182	362.18	1
277	1182	362.18	1
278	1182	362.18	1
279	1185.4	361.06	1
280	1187.6	362.18	1
281	1187.6	364.43	1
282	1188.7	365.55	1
283	1188.7	365.55	1
284	1192.1	366.67	1
285	1192.1	366.67	1
286	1192.1	366.67	1
287	1195.5	366.67	1
288	1196.6	366.67	1
289	1196.6	366.67	1
290	1202.2	366.67	1
291	1202.2	366.67	1
292	1205.5	367.79	1
293	1206.7	367.79	1
294	1208.9	367.79	1
295	1208.9	367.79	1
296	1217.9	368.91	1
297	1217.9	368.91	1
298	1222.4	366.67	1
299	1222.4	366.67	1
300	1222.4	366.67	1
301	1222.4	366.67	1
302	1222.4	366.67	1
303	1222.4	366.67	1
304	1222.4	366.67	1
305	1222.4	366.67	1
306	1223.5	363.3	1
307	1223.5	363.3	1
308	1226.9	364.43	1
309	1226.9	364.43	1
310	1226.9	364.43	1
311	1226.9	364.43	1
312	1226.9	365.55	1
313	1231.3	366.67	1
314	1232.5	366.67	1
315	1232.5	366.67	1
316	1240.3	363.3	1
317	1240.3	363.3	1
318	1241.4	363.3	1
319	1243.7	362.18	1
320	1244.8	361.06	1
321	1244.8	361.06	1
322	1247	359.94	1
323	1247	358.82	1
324	1247	358.82	1
325	1252.6	358.82	1
326	1256	362.18	1
327	1256	362.18	1
328	1256	362.18	1
329	1256	362.18	1
330	1259.4	362.18	1
331	1260.5	362.18	1
332	1262.7	361.06	1
333	1263.9	361.06	1
334	1268.4	359.94	1
335	1268.4	359.94	1
336	1274	356.57	1
337	1274	356.57	1
338	1274	356.57	1
339	1274	356.57	1
340	1276.2	356.57	1
341	1276.2	356.57	1
342	1278.4	357.7	1
343	1279.6	361.06	1
344	1280.7	361.06	1
345	1280.7	361.06	1
346	1280.7	359.94	1
347	1280.7	359.94	1
348	1280.7	359.94	1
349	1280.7	359.94	1
350	1280.7	359.94	1
351	1286.3	356.57	1
352	1289.7	356.57	1
353	1289.7	356.57	1
354	1293	354.33	1
355	1294.1	354.33	1
356	1294.1	353.21	1
357	1294.1	353.21	1
358	1294.1	353.21	1
359	1294.1	353.21	1
360	1294.1	353.21	1
361	1296.4	353.21	1
362	1297.5	352.09	1
363	1304.2	350.97	1
364	1303.1	353.21	1
365	1303.1	354.33	1
366	1304.2	355.45	1
367	1308.7	350.97	1
368	1309.8	350.97	1
369	1309.8	350.97	1
370	1311	350.97	1
371	1311	352.09	1
372	1313.2	354.33	1
373	1317.7	355.45	1
374	1317.7	355.45	1
375	1317.7	355.45	1
376	1321.1	355.45	1
377	1324.4	354.33	1
378	1326.7	352.09	1
379	1326.7	352.09	1
380	1328.9	350.97	1
381	1331.2	350.97	1
382	1333.4	352.09	1
383	1335.6	352.09	1
384	1336.8	352.09	1
385	1336.8	352.09	1
