2	958.57	545.19	1
3	958.57	545.19	1
4	957.46	545.75	1
5	957.46	546.3	1
6	957.46	546.3	1
7	959.67	547.4	1
8	960.22	547.4	1
9	960.22	547.4	1
10	961.88	547.95	1
11	961.88	548.51	1
12	962.43	548.51	1
13	962.43	548.51	1
14	962.43	549.61	1
15	962.43	549.61	1
16	962.43	549.61	1
17	962.43	549.61	1
18	962.43	550.16	1
19	962.43	551.27	1
20	962.43	551.82	1
21	962.43	551.82	1
22	961.33	555.13	1
23	961.33	555.68	1
24	961.33	557.34	1
25	961.33	563.41	1
26	961.88	566.73	1
27	961.88	567.28	1
28	961.88	568.94	1
29	962.43	573.9	1
30	962.43	575.56	1
31	963.54	581.08	1
32	964.09	584.95	1
33	964.09	585.5	1
34	964.64	588.81	1
35	965.75	591.02	1
36	966.3	595.99	1
37	967.4	596.54	1
38	967.4	597.65	1
39	973.48	597.65	1
40	975.68	598.2	1
41	975.68	598.2	1
42	979	599.86	1
43	979	599.86	1
44	976.24	602.62	1
45	975.68	603.72	1
46	975.68	603.72	1
47	974.03	605.93	1
48	972.37	607.03	1
49	972.37	607.03	1
50	972.37	607.03	1
51	972.37	609.79	1
52	972.92	610.9	1
53	972.92	611.45	1
54	972.92	611.45	1
55	972.92	612.56	1
56	972.37	614.76	1
57	971.82	615.32	1
58	970.71	616.42	1
59	970.16	618.63	1
60	966.3	622.49	1
61	965.19	623.05	1
62	965.19	623.05	1
63	964.64	623.05	1
64	964.64	623.05	1
65	960.78	625.81	1
66	957.46	627.46	1
67	956.91	627.46	1
68	954.7	629.67	1
69	953.05	630.22	1
70	951.94	631.33	1
71	950.29	634.09	1
72	949.73	635.75	1
73	949.73	636.85	1
74	949.73	639.06	1
75	949.73	640.71	1
76	949.73	642.92	1
77	949.73	645.13	1
78	949.18	646.79	1
79	948.08	648.44	1
80	945.87	650.65	1
81	944.76	651.76	1
82	944.76	651.76	1
83	943.66	653.41	1
84	942	654.52	1
85	939.79	657.28	1
86	938.14	659.49	1
87	936.48	661.7	1
88	935.38	663.35	1
89	934.83	663.9	1
90	934.27	665.01	1
91	932.62	667.22	1
92	930.96	669.43	1
93	929.86	671.08	1
94	927.65	674.4	1
95	924.89	677.71	1
96	924.89	678.26	1
97	923.78	678.26	1
98	922.13	679.92	1
99	920.47	682.13	1
100	919.92	683.23	1
101	918.26	684.33	1
102	916.6	685.44	1
103	912.74	687.1	1
104	910.53	687.65	1
105	908.87	688.75	1
106	905.01	689.86	1
107	902.8	691.51	1
108	901.7	692.62	1
109	900.04	695.38	1
110	900.04	697.03	1
111	900.04	698.69	1
112	899.49	698.69	1
113	898.94	702	1
114	897.83	703.66	1
115	897.28	704.76	1
116	897.28	704.76	1
117	895.62	708.08	1
118	894.52	709.73	1
119	893.97	710.29	1
120	893.41	711.94	1
121	890.65	714.15	1
122	890.1	715.81	1
123	888.44	718.57	1
124	886.79	719.67	1
125	886.24	720.78	1
126	884.58	721.33	1
127	882.37	722.98	1
128	881.27	724.64	1
129	879.61	726.85	1
130	879.06	728.51	1
131	878.51	729.06	1
132	878.51	730.71	1
133	877.4	733.48	1
134	875.75	736.24	1
135	875.19	737.34	1
136	874.09	739	1
137	874.09	739.55	1
138	873.54	739.55	1
139	872.98	740.1	1
140	871.88	741.76	1
141	870.22	743.97	1
142	869.12	745.62	1
143	866.36	748.38	1
144	864.7	750.59	1
145	863.6	752.8	1
146	862.49	753.9	1
147	860.29	756.11	1
148	860.29	756.11	1
149	858.63	757.77	1
150	856.42	760.53	1
151	856.42	761.63	1
152	855.32	761.63	1
153	854.76	763.29	1
154	853.11	764.4	1
155	851.45	765.5	1
156	849.79	767.16	1
157	849.24	768.81	1
158	849.24	768.81	1
159	848.69	769.37	1
160	847.03	771.02	1
161	844.27	773.23	1
162	844.27	774.33	1
163	843.17	774.89	1
164	840.41	777.1	1
165	839.86	778.75	1
166	836.54	780.96	1
167	836.54	782.06	1
168	835.99	782.62	1
169	834.89	783.72	1
170	833.78	784.27	1
171	832.68	784.83	1
172	831.02	786.48	1
173	829.37	789.24	1
174	828.81	789.79	1
175	827.16	790.35	1
176	823.84	794.76	1
177	823.29	795.87	1
178	822.74	797.52	1
179	819.98	799.73	1
180	818.87	801.39	1
181	817.22	803.05	1
182	814.46	805.25	1
183	813.9	806.91	1
184	812.25	808.57	1
185	811.7	809.67	1
186	810.04	810.78	1
187	804.52	816.3	1
188	803.41	817.95	1
189	802.86	819.06	1
190	801.21	819.61	1
191	799.55	822.92	1
192	799	823.48	1
193	799	823.48	1
194	797.34	825.13	1
195	795.68	829	1
196	795.68	829	1
197	795.68	829	1
198	795.13	830.1	1
199	792.92	832.31	1
200	791.82	832.86	1
201	791.82	832.86	1
202	790.16	835.07	1
203	789.61	836.17	1
204	789.61	836.17	1
205	787.95	837.83	1
206	785.75	840.59	1
207	784.09	843.9	1
208	784.09	843.9	1
209	784.09	843.9	1
210	783.54	843.9	1
211	780.78	847.22	1
212	780.78	847.77	1
213	780.22	847.77	1
214	780.22	848.87	1
215	779.12	849.43	1
216	778.57	851.08	1
217	778.02	851.63	1
218	776.91	853.29	1
219	776.36	855.5	1
220	775.25	858.26	1
221	775.25	858.26	1
222	774.7	858.81	1
223	773.05	860.47	1
224	771.39	862.13	1
225	771.39	862.13	1
226	768.08	865.44	1
227	767.52	865.99	1
228	766.97	866.54	1
229	765.87	867.65	1
230	765.32	869.3	1
231	763.66	870.41	1
232	763.11	873.17	1
233	763.11	873.17	1
234	762	873.17	1
235	761.45	873.72	1
236	761.45	874.83	1
237	760.35	875.38	1
238	759.79	875.93	1
239	756.48	880.35	1
